# idx degeneracy energy_Si_eV energy_Ge_eV energy_mix_eV	# idx degeneracy energy_Si_eV energy_Ge_eV energy_mix_eV
     1            6 -717.41446578                    -727.65307672                    -717.41446578                   	     1            6 -717.42244758                    -717.42244758                    -717.42244758                   
     2           48 -717.49253945                    -727.72044074                    -717.49253945                   	     2           48 -717.49338126                    -717.47211738                    -717.49338126                   
     3           48 -717.47042981                    -727.69192358                    -717.47042981                   	     3           48 -717.47253873                    -717.46121227                    -717.47253873                   
     4           48 -717.44952701                    -728.38582461                    -717.44952701                   	     4           48 -717.45146122                    -717.43808620                    -717.45146122                   
     5           48 -717.45732681                    -728.43260551                    -717.45732681                   	     5           48 -717.45927963                    -717.45079791                    -717.45927963                   
     6           48 -717.43336457                    -728.20357103                    -717.43336457                   	     6           48 -717.43569310                    -717.43120288                    -717.43569310                   
     7           48 -717.42927109                    -727.93895118                    -717.42927109                   	     7           48 -717.43326284                    -717.42289862                    -717.43326284                   
     8           48 -717.49797326                    -728.41758485                    -717.49797326                   	     8           48 -717.49657099                    -717.47425256                    -717.49657099                   
     9           48 -717.44795228                    -728.41483802                    -717.44795228                   	     9           48 -717.44772720                    -717.44050201                    -717.44772720                   
    10           48 -717.46652958                    -728.21690870                    -717.46652958                   	    10           48 -717.46722477                    -717.45705278                    -717.46722477                   
    11           48 -717.46477589                    -727.95313700                    -717.46477589                   	    11           48 -717.46603304                    -717.44877514                    -717.46603304                   
    12           12 -717.53145792                    -727.75056204                    -717.53145792                   	    12           12 -717.53282912                    -717.52025885                    -717.53282912                   
    13           24 -717.50929014                    -727.73215886                    -717.50929014                   	    13           24 -717.51016906                    -717.49362179                    -717.51016906                   
    14           24 -717.50764009                    -727.72894812                    -717.50764009                   	    14           24 -717.50961429                    -717.49871050                    -717.50961429                   
    15           48 -717.53392279                    -728.46133214                    -717.53392279                   	    15           48 -717.53252966                    -717.53101029                    -717.53252966                   
    16           48 -717.53407089                    -728.48877651                    -717.53407089                   	    16           48 -717.53263031                    -717.51898877                    -717.53263031                   
    17           48 -717.51404872                    -727.79321922                    -717.51404872                   	    17           48 -717.51416117                    -717.49856046                    -717.51416117                   
    18           48 -717.45959199                    -727.73426204                    -717.45959199                   	    18           48 -717.46230306                    -717.46304592                    -717.46230306                   
    19           48 -717.53521532                    -728.46191830                    -717.53521532                   	    19           48 -717.53059751                    -717.53059751                    -717.53059751                   
    20           48 -717.53377335                    -728.48735593                    -717.53377335                   	    20           48 -717.53199968                    -717.51894419                    -717.53199968                   
    21           48 -717.49855462                    -727.77182862                    -717.49855462                   	    21           48 -717.49965851                    -717.48815085                    -717.49965851                   
    22           48 -717.50515293                    -727.76834894                    -717.50515293                   	    22           48 -717.50666045                    -717.49928530                    -717.50666045                   
    23           48 -717.52383843                    -728.26580373                    -717.52383843                   	    23           48 -717.52379163                    -717.51606021                    -717.52379163                   
    24           48 -717.52378855                    -728.00568358                    -717.52378855                   	    24           48 -717.52410922                    -717.50789716                    -717.52410922                   
    25           48 -717.51085163                    -728.43657444                    -717.51085163                   	    25           48 -717.50912024                    -717.49715183                    -717.50912024                   
    26           48 -717.52092335                    -728.48392309                    -717.52092335                   	    26           48 -717.51848254                    -717.50988137                    -717.51848254                   
    27           48 -717.55475693                    -728.47098505                    -717.55475693                   	    27           48 -717.55356087                    -717.53340137                    -717.55356087                   
    28           48 -717.50318649                    -728.46371388                    -717.50318649                   	    28           48 -717.50366414                    -717.49950884                    -717.50366414                   
    29           48 -717.49501129                    -728.25368818                    -717.49501129                   	    29           48 -717.49435092                    -717.49024866                    -717.49435092                   
    30           48 -717.49421747                    -727.99173586                    -717.49421747                   	    30           48 -717.49381148                    -717.48202812                    -717.49381148                   
    31           24 -717.52101266                    -729.14506483                    -717.52101266                   	    31           24 -717.52219140                    -717.51402152                    -717.52219140                   
    32           48 -717.49847273                    -728.48144587                    -717.49847273                   	    32           48 -717.49812301                    -717.48990136                    -717.49812301                   
    33           48 -717.47634348                    -728.44673996                    -717.47634348                   	    33           48 -717.47953329                    -717.47953329                    -717.47953329                   
    34           48 -717.53626007                    -728.49725815                    -717.53626007                   	    34           48 -717.53553782                    -717.53243419                    -717.53553782                   
    35           48 -717.51726344                    -728.46701242                    -717.51726344                   	    35           48 -717.51681074                    -717.52147483                    -717.51681074                   
    36           48 -717.48870293                    -728.45297704                    -717.48870293                   	    36           48 -717.48911741                    -717.47810297                    -717.48911741                   
    37           48 -717.49026731                    -728.44857310                    -717.49026731                   	    37           48 -717.49074702                    -717.48315423                    -717.49074702                   
    38           48 -717.51726295                    -728.68303178                    -717.51726295                   	    38           48 -717.51712501                    -717.50415390                    -717.51712501                   
    39           48 -717.52056596                    -728.93430085                    -717.52056596                   	    39           48 -717.51816125                    -717.51203918                    -717.51816125                   
    40           48 -717.53320258                    -729.11906526                    -717.53320258                   	    40           48 -717.52984201                    -717.51376869                    -717.52984201                   
    41           48 -717.53067896                    -729.12030863                    -717.53067896                   	    41           48 -717.52855550                    -717.52669049                    -717.52855550                   
    42           24 -717.51523170                    -729.12033258                    -717.51523170                   	    42           24 -717.51405330                    -717.50485337                    -717.51405330                   
    43           24 -717.49945362                    -729.11794362                    -717.49945362                   	    43           24 -717.50081322                    -717.49353475                    -717.50081322                   
    44           48 -717.45922041                    -728.38661937                    -717.45922041                   	    44           48 -717.46028074                    -717.45851840                    -717.46028074                   
    45           48 -717.50498584                    -728.44333938                    -717.50498584                   	    45           48 -717.50623266                    -717.49396273                    -717.50623266                   
    46           12 -717.43939123                    -727.79408344                    -717.43939123                   	    46           12 -717.44325269                    -717.44448249                    -717.44325269                   
    47           48 -717.45445494                    -728.43725093                    -717.45445494                   	    47           48 -717.45642138                    -717.45217811                    -717.45642138                   
    48           48 -717.45943575                    -728.43594128                    -717.45943575                   	    48           48 -717.46158097                    -717.45732648                    -717.46158097                   
    49           48 -717.48777990                    -727.76385630                    -717.48777990                   	    49           48 -717.48975140                    -717.47924205                    -717.48975140                   
    50           48 -717.46731789                    -727.73220695                    -717.46731789                   	    50           48 -717.47002852                    -717.46823864                    -717.47002852                   
    51           48 -717.48193803                    -727.92798138                    -717.48193803                   	    51           48 -717.48138354                    -717.46688765                    -717.48138354                   
    52           48 -717.47618617                    -728.18779758                    -717.47618617                   	    52           48 -717.47747485                    -717.47504116                    -717.47747485                   
    53           48 -717.49062283                    -728.66567915                    -717.49062283                   	    53           48 -717.48839059                    -717.47817800                    -717.48839059                   
    54           48 -717.49468460                    -728.91977688                    -717.49468460                   	    54           48 -717.49115078                    -717.48615205                    -717.49115078                   
    55           24 -717.43406019                    -727.74667656                    -717.43406019                   	    55           24 -717.43542033                    -717.43460277                    -717.43542033                   
    56           24 -717.41700331                    -727.74154159                    -717.41700331                   	    56           24 -717.42131124                    -717.42319798                    -717.42131124                   
    57           48 -717.52936189                    -728.49206486                    -717.52936189                   	    57           48 -717.52974489                    -717.51566595                    -717.52974489                   
    58           48 -717.51012185                    -728.46134981                    -717.51012185                   	    58           48 -717.51085240                    -717.50469186                    -717.51085240                   
    59           48 -717.50568697                    -728.41901751                    -717.50568697                   	    59           48 -717.50404522                    -717.49470478                    -717.50404522                   
    60           48 -717.49554393                    -728.42280312                    -717.49554393                   	    60           48 -717.49463445                    -717.48357993                    -717.49463445                   
    61           24 -717.50575749                    -729.10156919                    -717.50575749                   	    61           24 -717.50122480                    -717.49452621                    -717.50122480                   
    62           24 -717.54532316                    -729.15338402                    -717.54532316                   	    62           24 -717.54417198                    -717.52981661                    -717.54417198                   
    63           12 -717.50365625                    -727.81947604                    -717.50365625                   	    63           12 -717.50576961                    -717.49614204                    -717.50576961                   
    64           24 -717.48027067                    -727.76081310                    -717.48027067                   	    64           24 -717.48169463                    -717.47617075                    -717.48169463                   
    65           24 -717.52970160                    -727.81280693                    -717.52970160                   	    65           24 -717.53013744                    -717.51146677                    -717.53013744                   
    66            6 -717.52755333                    -727.77078999                    -717.52755333                   	    66            6 -717.52661972                    -717.48879496                    -717.52661972                   
    67           24 -717.48518032                    -727.71054494                    -717.48518032                   	    67           24 -717.48675581                    -717.47207344                    -717.48675581                   
    68           48 -717.50581361                    -728.24392636                    -717.50581361                   	    68           48 -717.50434706                    -717.49573085                    -717.50434706                   
    69           48 -717.51299086                    -728.04513070                    -717.51299086                   	    69           48 -717.51209389                    -717.48785314                    -717.51209389                   
    70           48 -717.52452901                    -728.26067503                    -717.52452901                   	    70           48 -717.52393847                    -717.49834460                    -717.52393847                   
    71           48 -717.48006433                    -727.97782612                    -717.48006433                   	    71           48 -717.48173999                    -717.46704758                    -717.48173999                   
    72           48 -717.54827498                    -728.27611756                    -717.54827498                   	    72           48 -717.54659812                    -717.53191073                    -717.54659812                   
    73           48 -717.49843988                    -728.02658830                    -717.49843988                   	    73           48 -717.49823212                    -717.47753292                    -717.49823212                   
    74           48 -717.52919567                    -728.26178435                    -717.52919567                   	    74           48 -717.52668129                    -717.49837942                    -717.52668129                   
    75           48 -717.48567240                    -727.98098949                    -717.48567240                   	    75           48 -717.48477107                    -717.46714685                    -717.48477107                   
    76            6 -717.44189579                    -727.65672137                    -717.44189579                   	    76            6 -717.44513943                    -717.44517451                    -717.44513943                   
    77           48 -717.46347770                    -728.21925538                    -717.46347770                   	    77           48 -717.46061031                    -717.46061031                    -717.46061031                   
    78           48 -717.47100868                    -728.24595234                    -717.47100868                   	    78           48 -717.47192905                    -717.47413491                    -717.47192905                   
    79           48 -717.42999274                    -728.18433025                    -717.42999274                   	    79           48 -717.43320846                    -717.44226403                    -717.43320846                   
    80           48 -717.49126324                    -727.97672503                    -717.49126324                   	    80           48 -717.49256641                    -717.48065699                    -717.49256641                   
    81           48 -717.50721013                    -728.25335473                    -717.50721013                   	    81           48 -717.50740813                    -717.49829323                    -717.50740813                   
    82           48 -717.45704989                    -728.22949265                    -717.45704989                   	    82           48 -717.45811823                    -717.46388005                    -717.45811823                   
    83           48 -717.49456340                    -728.23849280                    -717.49456340                   	    83           48 -717.49402913                    -717.48887174                    -717.49402913                   
    84           48 -717.43407811                    -727.92284431                    -717.43407811                   	    84           48 -717.43555626                    -717.43405812                    -717.43555626                   
    85           24 -717.45814655                    -728.71318832                    -717.45814655                   	    85           24 -717.46060531                    -717.45987069                    -717.46060531                   
    86           48 -717.44758920                    -728.42932359                    -717.44758920                   	    86           48 -717.45133955                    -717.45219595                    -717.45133955                   
    87           48 -717.50645195                    -728.24264151                    -717.50645195                   	    87           48 -717.50725614                    -717.50094774                    -717.50725614                   
    88           48 -717.43593313                    -728.22270433                    -717.43593313                   	    88           48 -717.43866512                    -717.44376476                    -717.43866512                   
    89           24 -717.46401419                    -728.20196324                    -717.46401419                   	    89           24 -717.46662822                    -717.46333485                    -717.46662822                   
    90           48 -717.41756337                    -728.21226978                    -717.41756337                   	    90           48 -717.42112855                    -717.42230062                    -717.42112855                   
    91           48 -717.49829040                    -728.88235828                    -717.49829040                   	    91           48 -717.49731194                    -717.48284428                    -717.49731194                   
    92           48 -717.45357055                    -728.88470939                    -717.45357055                   	    92           48 -717.45164212                    -717.44925371                    -717.45164212                   
    93           48 -717.49907539                    -728.71238958                    -717.49907539                   	    93           48 -717.49862529                    -717.48530158                    -717.49862529                   
    94           48 -717.44710804                    -728.68813183                    -717.44710804                   	    94           48 -717.44845884                    -717.45087597                    -717.44845884                   
    95           24 -717.43824837                    -728.67046548                    -717.43824837                   	    95           24 -717.43953734                    -717.43986116                    -717.43953734                   
    96           48 -717.43107800                    -728.37938873                    -717.43107800                   	    96           48 -717.43501617                    -717.43072664                    -717.43501617                   
    97           24 -717.41655752                    -728.62639214                    -717.41655752                   	    97           24 -717.42082365                    -717.42873973                    -717.42082365                   
    98           48 -717.47786763                    -728.41690767                    -717.47786763                   	    98           48 -717.48020851                    -717.46707372                    -717.48020851                   
    99           24 -717.47604864                    -728.26271502                    -717.47604864                   	    99           24 -717.47780680                    -717.46822130                    -717.47780680                   
   100           48 -717.49479842                    -728.27578623                    -717.49479842                   	   100           48 -717.49603712                    -717.49033856                    -717.49603712                   
   101           48 -717.46401368                    -727.98667000                    -717.46401368                   	   101           48 -717.46643471                    -717.45761140                    -717.46643471                   
   102           48 -717.47594706                    -728.26179751                    -717.47594706                   	   102           48 -717.47817328                    -717.46876289                    -717.47817328                   
   103           24 -717.42366537                    -727.94674352                    -717.42366537                   	   103           24 -717.42722669                    -717.42002210                    -717.42722669                   
   104           48 -717.51162791                    -728.93756540                    -717.51162791                   	   104           48 -717.50846509                    -717.49582042                    -717.50846509                   
   105           48 -717.45536905                    -728.38670537                    -717.45536905                   	   105           48 -717.45616224                    -717.44486907                    -717.45616224                   
   106           48 -717.50573070                    -728.73893881                    -717.50573070                   	   106           48 -717.50566596                    -717.49737839                    -717.50566596                   
   107           48 -717.45785727                    -728.22135990                    -717.45785727                   	   107           48 -717.45863302                    -717.44747146                    -717.45863302                   
   108           24 -717.45292732                    -728.16171092                    -717.45292732                   	   108           24 -717.45525148                    -717.44638279                    -717.45525148                   
   109           24 -717.43632706                    -728.09398320                    -717.43632706                   	   109           24 -717.43999713                    -717.43451905                    -717.43999713                   
   110           24 -717.55160269                    -728.77757072                    -717.55160269                   	   110           24 -717.55176321                    -717.53223047                    -717.55176321                   
   111           48 -717.48152657                    -728.44696324                    -717.48152657                   	   111           48 -717.48382450                    -717.47818085                    -717.48382450                   
   112           24 -717.52239263                    -728.71262705                    -717.52239263                   	   112           24 -717.52265359                    -717.51152360                    -717.52265359                   
   113           48 -717.46593667                    -728.39940121                    -717.46593667                   	   113           48 -717.46691886                    -717.45678601                    -717.46691886                   
   114           24 -717.52172924                    -728.72267171                    -717.52172924                   	   114           24 -717.51822919                    -717.50210050                    -717.51822919                   
   115           48 -717.51739908                    -728.43577141                    -717.51739908                   	   115           48 -717.51528662                    -717.49309704                    -717.51528662                   
   116           24 -717.45040180                    -728.22563020                    -717.45040180                   	   116           24 -717.45399103                    -717.44758085                    -717.45399103                   
   117           24 -717.42526492                    -728.07860415                    -717.42526492                   	   117           24 -717.42694640                    -717.42429810                    -717.42694640                   
   118           24 -717.41695352                    -728.11093745                    -717.41695352                   	   118           24 -717.41732477                    -717.41557445                    -717.41732477                   
   119           12 -717.48353027                    -727.70733420                    -717.48353027                   	   119           12 -717.48620104                    -717.47716214                    -717.48620104                   
   120           48 -717.49626885                    -728.27202624                    -717.49626885                   	   120           48 -717.49512758                    -717.50303559                    -717.49512758                   
   121           48 -717.48314329                    -727.94928737                    -717.48314329                   	   121           48 -717.48404151                    -717.46878103                    -717.48404151                   
   122           48 -717.50459319                    -727.94250656                    -717.50459319                   	   122           48 -717.50549117                    -717.48353916                    -717.50549117                   
   123           48 -717.46278876                    -728.23224200                    -717.46278876                   	   123           48 -717.46439752                    -717.47021089                    -717.46439752                   
   124           48 -717.47885169                    -728.25259195                    -717.47885169                   	   124           48 -717.47931809                    -717.49268738                    -717.47931809                   
   125           48 -717.52782201                    -727.98326702                    -717.52782201                   	   125           48 -717.52779938                    -717.50501704                    -717.52779938                   
   126           48 -717.50620268                    -727.93958130                    -717.50620268                   	   126           48 -717.50580499                    -717.48344736                    -717.50580499                   
   127           48 -717.46522692                    -728.23235479                    -717.46522692                   	   127           48 -717.46562595                    -717.47021443                    -717.46562595                   
   128           48 -717.52845779                    -728.27834109                    -717.52845779                   	   128           48 -717.52787995                    -717.51427701                    -717.52787995                   
   129           48 -717.47956654                    -728.25612381                    -717.47956654                   	   129           48 -717.48015536                    -717.47991544                    -717.48015536                   
   130           48 -717.45698543                    -728.21351051                    -717.45698543                   	   130           48 -717.45750738                    -717.45837942                    -717.45750738                   
   131           48 -717.51492321                    -728.00343499                    -717.51492321                   	   131           48 -717.51424909                    -717.49669485                    -717.51424909                   
   132           48 -717.51388093                    -728.26645094                    -717.51388093                   	   132           48 -717.51396924                    -717.50494878                    -717.51396924                   
   133           48 -717.45170872                    -727.94931615                    -717.45170872                   	   133           48 -717.45470148                    -717.45008851                    -717.45470148                   
   134           48 -717.48570211                    -728.24626958                    -717.48570211                   	   134           48 -717.48578037                    -717.47810088                    -717.48578037                   
   135           48 -717.49847393                    -728.27764082                    -717.49847393                   	   135           48 -717.49662606                    -717.49032901                    -717.49662606                   
   136           48 -717.47277405                    -728.46271985                    -717.47277405                   	   136           48 -717.47483838                    -717.46844364                    -717.47483838                   
   137           24 -717.46009359                    -728.75327163                    -717.46009359                   	   137           24 -717.46257003                    -717.47879514                    -717.46257003                   
   138           48 -717.47053805                    -728.24549016                    -717.47053805                   	   138           48 -717.47108343                    -717.48380589                    -717.47108343                   
   139           48 -717.49889400                    -728.27235015                    -717.49889400                   	   139           48 -717.49938681                    -717.49542019                    -717.49938681                   
   140           24 -717.42705497                    -728.20422237                    -717.42705497                   	   140           24 -717.43031168                    -717.45136396                    -717.43031168                   
   141           48 -717.50841903                    -728.65711279                    -717.50841903                   	   141           48 -717.50727944                    -717.49220877                    -717.50727944                   
   142           48 -717.46955084                    -729.16831799                    -717.46955084                   	   142           48 -717.46601457                    -717.47458698                    -717.46601457                   
   143           48 -717.46316149                    -728.78207886                    -717.46316149                   	   143           48 -717.46245257                    -717.47025731                    -717.46245257                   
   144           48 -717.51079538                    -728.70356859                    -717.51079538                   	   144           48 -717.50967420                    -717.50145787                    -717.50967420                   
   145           24 -717.47000813                    -728.70304102                    -717.47000813                   	   145           24 -717.46672239                    -717.46856019                    -717.46672239                   
   146           48 -717.43836489                    -728.41101659                    -717.43836489                   	   146           48 -717.44053453                    -717.43690864                    -717.44053453                   
   147           48 -717.43343137                    -728.39181553                    -717.43343137                   	   147           48 -717.43572637                    -717.43781139                    -717.43572637                   
   148           24 -717.48898962                    -728.70676711                    -717.48898962                   	   148           24 -717.49049958                    -717.49260315                    -717.49049958                   
   149           24 -717.44176154                    -728.10275625                    -717.44176154                   	   149           24 -717.44577932                    -717.43589348                    -717.44577932                   
   150           48 -717.43952554                    -728.22042682                    -717.43952554                   	   150           48 -717.44202437                    -717.44888275                    -717.44202437                   
   151           48 -717.50829067                    -727.97810777                    -717.50829067                   	   151           48 -717.50942365                    -717.48495287                    -717.50942365                   
   152           24 -717.46809137                    -727.93305721                    -717.46809137                   	   152           24 -717.47088342                    -717.45239223                    -717.47088342                   
   153           48 -717.49917948                    -728.64824322                    -717.49917948                   	   153           48 -717.49805421                    -717.48068678                    -717.49805421                   
   154           48 -717.45077101                    -728.60623727                    -717.45077101                   	   154           48 -717.45108612                    -717.44570421                    -717.45108612                   
   155           48 -717.45113293                    -728.65191345                    -717.45113293                   	   155           48 -717.45176049                    -717.45492884                    -717.45176049                   
   156           48 -717.50172101                    -728.14595704                    -717.50172101                   	   156           48 -717.50134114                    -717.47271535                    -717.50134114                   
   157           24 -717.43357715                    -728.12651608                    -717.43357715                   	   157           24 -717.43763247                    -717.42798049                    -717.43763247                   
   158           24 -717.47203997                    -728.12442893                    -717.47203997                   	   158           24 -717.47464828                    -717.45184102                    -717.47464828                   
   159           48 -717.50321234                    -728.47327435                    -717.50321234                   	   159           48 -717.50494553                    -717.49420620                    -717.50494553                   
   160           24 -717.43069495                    -728.71440305                    -717.43069495                   	   160           24 -717.43464489                    -717.45809872                    -717.43464489                   
   161           48 -717.47948614                    -728.42414917                    -717.47948614                   	   161           48 -717.47921101                    -717.47399575                    -717.47921101                   
   162           24 -717.41601410                    -728.63451122                    -717.41601410                   	   162           24 -717.41870847                    -717.43568930                    -717.41870847                   
   163           24 -717.42571390                    -728.64549644                    -717.42571390                   	   163           24 -717.42384445                    -717.43753936                    -717.42384445                   
   164           48 -717.51752040                    -728.46430497                    -717.51752040                   	   164           48 -717.51593559                    -717.49918194                    -717.51593559                   
   165           24 -717.53579985                    -728.17071555                    -717.53579985                   	   165           24 -717.53647597                    -717.50836550                    -717.53647597                   
   166           24 -717.51713997                    -728.15548333                    -717.51713997                   	   166           24 -717.51713262                    -717.48798523                    -717.51713262                   
   167           24 -717.51609762                    -728.17930484                    -717.51609762                   	   167           24 -717.51496873                    -717.49023811                    -717.51496873                   
   168           48 -717.54890661                    -728.28369227                    -717.54890661                   	   168           48 -717.54789555                    -717.53857232                    -717.54789555                   
   169           48 -717.48390901                    -728.25470893                    -717.48390901                   	   169           48 -717.48557452                    -717.50523187                    -717.48557452                   
   170           12 -717.54642621                    -728.78326985                    -717.54642621                   	   170           12 -717.54628810                    -717.56456934                    -717.54628810                   
   171           48 -717.52848783                    -728.49286267                    -717.52848783                   	   171           48 -717.52863164                    -717.53256286                    -717.52863164                   
   172           48 -717.56514255                    -728.97217143                    -717.56514255                   	   172           48 -717.56286384                    -717.56286384                    -717.56286384                   
   173           48 -717.51743499                    -728.94114864                    -717.51743499                   	   173           48 -717.51456194                    -717.52044272                    -717.51456194                   
   174           48 -717.51969777                    -728.93849308                    -717.51969777                   	   174           48 -717.51755519                    -717.51885407                    -717.51755519                   
   175           48 -717.53424746                    -728.96238034                    -717.53424746                   	   175           48 -717.52996051                    -717.53084734                    -717.52996051                   
   176           48 -717.55031546                    -728.78597238                    -717.55031546                   	   176           48 -717.54740140                    -717.54807350                    -717.54740140                   
   177           48 -717.48521042                    -728.48560509                    -717.48521042                   	   177           48 -717.48614063                    -717.49373942                    -717.48614063                   
   178           48 -717.49164750                    -728.73358543                    -717.49164750                   	   178           48 -717.48973506                    -717.50152150                    -717.48973506                   
   179           48 -717.54507770                    -728.54106259                    -717.54507770                   	   179           48 -717.54341363                    -717.54038778                    -717.54341363                   
   180           48 -717.52881140                    -727.99246438                    -717.52881140                   	   180           48 -717.52877340                    -717.50654009                    -717.52877340                   
   181           48 -717.50589965                    -728.02890200                    -717.50589965                   	   181           48 -717.50668767                    -717.49527305                    -717.50668767                   
   182           12 -717.54775623                    -728.26294695                    -717.54775623                   	   182           12 -717.54789487                    -717.52247510                    -717.54789487                   
   183           48 -717.56390432                    -728.97469026                    -717.56390432                   	   183           48 -717.56099219                    -717.54227690                    -717.56099219                   
   184           48 -717.51353938                    -728.40203376                    -717.51353938                   	   184           48 -717.51304606                    -717.49064153                    -717.51304606                   
   185           48 -717.51979868                    -728.94101191                    -717.51979868                   	   185           48 -717.51762376                    -717.50605034                    -717.51762376                   
   186           48 -717.52809500                    -728.42043680                    -717.52809500                   	   186           48 -717.52613106                    -717.50095738                    -717.52613106                   
   187           48 -717.53846972                    -728.50380273                    -717.53846972                   	   187           48 -717.53718503                    -717.51509207                    -717.53718503                   
   188           48 -717.49629402                    -728.26791380                    -717.49629402                   	   188           48 -717.49654204                    -717.48526874                    -717.49654204                   
   189           48 -717.53861845                    -728.50639921                    -717.53861845                   	   189           48 -717.53685768                    -717.51517356                    -717.53685768                   
   190           48 -717.49851134                    -728.27121653                    -717.49851134                   	   190           48 -717.49726892                    -717.48537238                    -717.49726892                   
   191           12 -717.54479109                    -727.78336971                    -717.54479109                   	   191           12 -717.54502070                    -717.51255193                    -717.54502070                   
   192           48 -717.48175281                    -727.75515852                    -717.48175281                   	   192           48 -717.48403114                    -717.47923571                    -717.48403114                   
   193           48 -717.55859017                    -728.49670688                    -717.55859017                   	   193           48 -717.55773126                    -717.52984032                    -717.55773126                   
   194           48 -717.50788539                    -728.43907522                    -717.50788539                   	   194           48 -717.50721445                    -717.49436738                    -717.50721445                   
   195           48 -717.51643849                    -728.46302852                    -717.51643849                   	   195           48 -717.51448231                    -717.49361377                    -717.51448231                   
   196           48 -717.52442706                    -728.45825789                    -717.52442706                   	   196           48 -717.52242899                    -717.50470770                    -717.52242899                   
   197           48 -717.52910461                    -728.25170160                    -717.52910461                   	   197           48 -717.52893578                    -717.51124941                    -717.52893578                   
   198           48 -717.53009150                    -728.02391126                    -717.53009150                   	   198           48 -717.52995790                    -717.50410093                    -717.52995790                   
   199           48 -717.49584759                    -728.23334334                    -717.49584759                   	   199           48 -717.49648472                    -717.48524196                    -717.49648472                   
   200           48 -717.49837501                    -728.00547963                    -717.49837501                   	   200           48 -717.49820224                    -717.47809118                    -717.49820224                   
   201           12 -717.45675735                    -727.79024603                    -717.45675735                   	   201           12 -717.46052941                    -717.46792630                    -717.46052941                   
   202           48 -717.51888197                    -728.72166070                    -717.51888197                   	   202           48 -717.51763367                    -717.51447908                    -717.51763367                   
   203           48 -717.46598623                    -728.16195911                    -717.46598623                   	   203           48 -717.46640790                    -717.46325026                    -717.46640790                   
   204           48 -717.47864494                    -728.69003138                    -717.47864494                   	   204           48 -717.47646574                    -717.47831683                    -717.47646574                   
   205           48 -717.48485438                    -728.18036215                    -717.48485438                   	   205           48 -717.48320342                    -717.47356611                    -717.48320342                   
   206           48 -717.53560936                    -728.30381004                    -717.53560936                   	   206           48 -717.53587413                    -717.52412832                    -717.53587413                   
   207           48 -717.43812226                    -727.97632121                    -717.43812226                   	   207           48 -717.44027420                    -717.44652241                    -717.44027420                   
   208           48 -717.44588528                    -728.23251739                    -717.44588528                   	   208           48 -717.44768080                    -717.45155169                    -717.44768080                   
   209           48 -717.47321337                    -728.01501837                    -717.47321337                   	   209           48 -717.47128777                    -717.46721345                    -717.47128777                   
   210           24 -717.54932302                    -728.28406476                    -717.54932302                   	   210           24 -717.54817852                    -717.53858401                    -717.54817852                   
   211           48 -717.53892398                    -728.31777262                    -717.53892398                   	   211           48 -717.53816347                    -717.52799250                    -717.53816347                   
   212           48 -717.53695971                    -728.31745126                    -717.53695971                   	   212           48 -717.53682864                    -717.52798242                    -717.53682864                   
   213           48 -717.47827535                    -728.26315281                    -717.47827535                   	   213           48 -717.47957960                    -717.48137044                    -717.47957960                   
   214           24 -717.50763727                    -728.03120752                    -717.50763727                   	   214           24 -717.50786847                    -717.49534540                    -717.50786847                   
   215           48 -717.47674728                    -728.26432206                    -717.47674728                   	   215           48 -717.47818971                    -717.48140713                    -717.47818971                   
   216           48 -717.51708583                    -728.28666023                    -717.51708583                   	   216           48 -717.51715395                    -717.51700595                    -717.51715395                   
   217           24 -717.50795252                    -728.79369106                    -717.50795252                   	   217           24 -717.50921043                    -717.51911044                    -717.50921043                   
   218           48 -717.54632770                    -728.67954916                    -717.54632770                   	   218           48 -717.54401000                    -717.52300464                    -717.54401000                   
   219           48 -717.49820193                    -729.20802648                    -717.49820193                   	   219           48 -717.49567421                    -717.50592488                    -717.49567421                   
   220           48 -717.50913066                    -728.72200785                    -717.50913066                   	   220           48 -717.50547135                    -717.50547135                    -717.50547135                   
   221           48 -717.50175092                    -728.72909501                    -717.50175092                   	   221           48 -717.49954149                    -717.49718104                    -717.49954149                   
   222           48 -717.48434296                    -728.77735521                    -717.48434296                   	   222           48 -717.48189985                    -717.49124575                    -717.48189985                   
   223           48 -717.51861673                    -728.48411942                    -717.51861673                   	   223           48 -717.51787602                    -717.50446418                    -717.51787602                   
   224           48 -717.46610093                    -728.41439603                    -717.46610093                   	   224           48 -717.46655696                    -717.46861178                    -717.46655696                   
   225           48 -717.52465594                    -728.70804857                    -717.52465594                   	   225           48 -717.52371810                    -717.52273514                    -717.52371810                   
   226           48 -717.45621198                    -728.22969212                    -717.45621198                   	   226           48 -717.45876850                    -717.47031019                    -717.45876850                   
   227           48 -717.54564583                    -728.76468151                    -717.54564583                   	   227           48 -717.54354663                    -717.53346748                    -717.54354663                   
   228           48 -717.49456065                    -728.70368079                    -717.49456065                   	   228           48 -717.49397966                    -717.49788881                    -717.49397966                   
   229           48 -717.51353708                    -729.22717546                    -717.51353708                   	   229           48 -717.51304040                    -717.51304040                    -717.51304040                   
   230           48 -717.49797932                    -728.64195591                    -717.49797932                   	   230           48 -717.49732997                    -717.48665522                    -717.49732997                   
   231           48 -717.46630527                    -728.65266705                    -717.46630527                   	   231           48 -717.46747572                    -717.47608917                    -717.46747572                   
   232           48 -717.52350839                    -728.46586246                    -717.52350839                   	   232           48 -717.52406966                    -717.51513489                    -717.52406966                   
   233           48 -717.51557718                    -728.48280102                    -717.51557718                   	   233           48 -717.51538205                    -717.50442281                    -717.51538205                   
   234           48 -717.48318364                    -728.77574657                    -717.48318364                   	   234           48 -717.48103508                    -717.49119527                    -717.48103508                   
   235           12 -717.39980315                    -727.73390669                    -717.39980315                   	   235           12 -717.40277110                    -717.40277110                    -717.40277110                   
   236           48 -717.48739791                    -728.15895173                    -717.48739791                   	   236           48 -717.48747426                    -717.47556640                    -717.48747426                   
   237           48 -717.44027487                    -728.66956897                    -717.44027487                   	   237           48 -717.44059978                    -717.45792616                    -717.44059978                   
   238           48 -717.45182551                    -728.40124723                    -717.45182551                   	   238           48 -717.45242265                    -717.45924406                    -717.45242265                   
   239           48 -717.44374359                    -728.37094424                    -717.44374359                   	   239           48 -717.44441252                    -717.44704945                    -717.44441252                   
   240           48 -717.40699562                    -728.19972449                    -717.40699562                   	   240           48 -717.41043462                    -717.43227938                    -717.41043462                   
   241           48 -717.50790803                    -727.99237015                    -717.50790803                   	   241           48 -717.50906519                    -717.49310092                    -717.50906519                   
   242           48 -717.42747028                    -727.88144286                    -717.42747028                   	   242           48 -717.42934897                    -717.43052413                    -717.42934897                   
   243           48 -717.42503966                    -728.20828517                    -717.42503966                   	   243           48 -717.42769724                    -717.44078104                    -717.42769724                   
   244           12 -717.52066950                    -727.84486168                    -717.52066950                   	   244           12 -717.52202915                    -717.51694856                    -717.52202915                   
   245           48 -717.54592142                    -728.46174006                    -717.54592142                   	   245           48 -717.54582234                    -717.52997645                    -717.54582234                   
   246           48 -717.49483624                    -728.43734986                    -717.49483624                   	   246           48 -717.49625537                    -717.49554669                    -717.49625537                   
   247           48 -717.51699456                    -728.74392727                    -717.51699456                   	   247           48 -717.51407839                    -717.51490598                    -717.51407839                   
   248           48 -717.50354974                    -728.17578817                    -717.50354974                   	   248           48 -717.50242389                    -717.48583309                    -717.50242389                   
   249           48 -717.51598610                    -728.28200209                    -717.51598610                   	   249           48 -717.51672123                    -717.51343375                    -717.51672123                   
   250           48 -717.52025780                    -727.95691858                    -717.52025780                   	   250           48 -717.51997555                    -717.50323203                    -717.51997555                   
   251           48 -717.47688679                    -727.97237192                    -717.47688679                   	   251           48 -717.47778199                    -717.46704200                    -717.47778199                   
   252           48 -717.49925685                    -728.29154825                    -717.49925685                   	   252           48 -717.49801970                    -717.49954563                    -717.49801970                   
   253           24 -717.50876824                    -727.96177043                    -717.50876824                   	   253           24 -717.50933515                    -717.49556666                    -717.50933515                   
   254           24 -717.46641357                    -728.22265992                    -717.46641357                   	   254           24 -717.46786758                    -717.49421592                    -717.46786758                   
