 -----------------------------------------------------------------
 Parameters calculated from data for 0, 1 and 2 substitutions:
 -----------------------------------------------------------------

 E0 (eV)
  -2918.8104903100002     

 dE1 (eV)
  -7.2922982199997932       -7.2922982199997932       -7.2922982199997932       -7.2922982199997932       -7.2922982199997932       -7.2922982199997932       -7.2922982199997932       -7.2922982199997932       -7.3472861399995963       -7.3472861399995963       -7.3472861399995963       -7.3472861399995963       -7.3472861399995963       -7.3472861399995963       -7.3472861399995963       -7.3472861399995963       -7.3471049899999343       -7.3471049899999343       -7.3471049899999343       -7.3471049899999343       -7.3471049899999343       -7.3471049899999343       -7.3471049899999343       -7.3471049899999343     

 dE2 (eV)
   0.0000000000000000      -0.10322549000011350      -0.13384779000034541        6.1942299998918315E-003 -0.11624796000023707      -0.12196737000022040       -9.7280570000293665E-002 -0.10274622000042655        6.1232169999584585E-002  -1.4142800005174649E-003  -6.5480310000566533E-002  -5.9408550000625837E-002  -3.5655630000292149E-002  -7.2507630000473000E-002  -8.3127200005037594E-003  -8.1674830000338261E-002  -3.5661500000969681E-003  -2.8254889999971056E-002  -9.5016960000066319E-002   7.2446149999905174E-002  -4.0221719999863126E-002  -7.4503379999896424E-002  -9.4173370000135037E-002  -2.5910889999977371E-002
 -0.10322549000011350        0.0000000000000000        6.1942299998918315E-003 -0.13384779000034541      -0.12196737000022040      -0.11624796000023707      -0.10274622000042655       -9.7280570000293665E-002  -1.4142800005174649E-003   6.1232169999584585E-002  -5.9408550000625837E-002  -6.5480310000566533E-002  -7.2507630000473000E-002  -3.5655630000292149E-002  -8.1674830000338261E-002  -8.3127200005037594E-003  -2.8254889999971056E-002  -3.5661500000969681E-003   7.2446149999905174E-002  -9.5016960000066319E-002  -7.4503379999896424E-002  -4.0221719999863126E-002  -2.5910889999977371E-002  -9.4173370000135037E-002
 -0.13384779000034541        6.1942299998918315E-003   0.0000000000000000      -0.10322549000011350       -9.7280570000293665E-002 -0.10274622000042655      -0.11624796000023707      -0.12196737000022040       -6.5480310000566533E-002  -5.9408550000625837E-002   6.1232169999584585E-002  -1.4142800005174649E-003  -8.3127200005037594E-003  -8.1674830000338261E-002  -3.5655630000292149E-002  -7.2507630000473000E-002  -9.5016960000066319E-002   7.2446149999905174E-002  -3.5661500000969681E-003  -2.8254889999971056E-002  -9.4173370000135037E-002  -2.5910889999977371E-002  -4.0221719999863126E-002  -7.4503379999896424E-002
   6.1942299998918315E-003 -0.13384779000034541      -0.10322549000011350        0.0000000000000000      -0.10274622000042655       -9.7280570000293665E-002 -0.12196737000022040      -0.11624796000023707       -5.9408550000625837E-002  -6.5480310000566533E-002  -1.4142800005174649E-003   6.1232169999584585E-002  -8.1674830000338261E-002  -8.3127200005037594E-003  -7.2507630000473000E-002  -3.5655630000292149E-002   7.2446149999905174E-002  -9.5016960000066319E-002  -2.8254889999971056E-002  -3.5661500000969681E-003  -2.5910889999977371E-002  -9.4173370000135037E-002  -7.4503379999896424E-002  -4.0221719999863126E-002
 -0.11624796000023707      -0.12196737000022040       -9.7280570000293665E-002 -0.10274622000042655        0.0000000000000000      -0.10322549000011350      -0.13384779000034541        6.1942299998918315E-003  -3.5655630000292149E-002  -7.2507630000473000E-002  -8.3127200005037594E-003  -8.1674830000338261E-002   6.1232169999584585E-002  -1.4142800005174649E-003  -6.5480310000566533E-002  -5.9408550000625837E-002  -4.0221719999863126E-002  -7.4503379999896424E-002  -9.4173370000135037E-002  -2.5910889999977371E-002  -3.5661500000969681E-003  -2.8254889999971056E-002  -9.5016960000066319E-002   7.2446149999905174E-002
 -0.12196737000022040      -0.11624796000023707      -0.10274622000042655       -9.7280570000293665E-002 -0.10322549000011350        0.0000000000000000        6.1942299998918315E-003 -0.13384779000034541       -7.2507630000473000E-002  -3.5655630000292149E-002  -8.1674830000338261E-002  -8.3127200005037594E-003  -1.4142800005174649E-003   6.1232169999584585E-002  -5.9408550000625837E-002  -6.5480310000566533E-002  -7.4503379999896424E-002  -4.0221719999863126E-002  -2.5910889999977371E-002  -9.4173370000135037E-002  -2.8254889999971056E-002  -3.5661500000969681E-003   7.2446149999905174E-002  -9.5016960000066319E-002
  -9.7280570000293665E-002 -0.10274622000042655      -0.11624796000023707      -0.12196737000022040      -0.13384779000034541        6.1942299998918315E-003   0.0000000000000000      -0.10322549000011350       -8.3127200005037594E-003  -8.1674830000338261E-002  -3.5655630000292149E-002  -7.2507630000473000E-002  -6.5480310000566533E-002  -5.9408550000625837E-002   6.1232169999584585E-002  -1.4142800005174649E-003  -9.4173370000135037E-002  -2.5910889999977371E-002  -4.0221719999863126E-002  -7.4503379999896424E-002  -9.5016960000066319E-002   7.2446149999905174E-002  -3.5661500000969681E-003  -2.8254889999971056E-002
 -0.10274622000042655       -9.7280570000293665E-002 -0.12196737000022040      -0.11624796000023707        6.1942299998918315E-003 -0.13384779000034541      -0.10322549000011350        0.0000000000000000       -8.1674830000338261E-002  -8.3127200005037594E-003  -7.2507630000473000E-002  -3.5655630000292149E-002  -5.9408550000625837E-002  -6.5480310000566533E-002  -1.4142800005174649E-003   6.1232169999584585E-002  -2.5910889999977371E-002  -9.4173370000135037E-002  -7.4503379999896424E-002  -4.0221719999863126E-002   7.2446149999905174E-002  -9.5016960000066319E-002  -2.8254889999971056E-002  -3.5661500000969681E-003
   0.0000000000000000        0.0000000000000000        0.0000000000000000        0.0000000000000000        0.0000000000000000        0.0000000000000000        0.0000000000000000        0.0000000000000000        0.0000000000000000       0.16348242999947615        4.9764679999498185E-002   5.0377459999253915E-002   6.3371119999374059E-002   3.3208569999260362E-002   3.6396839999270014E-002   8.9811599999393366E-002   6.1499249999542371E-002   4.1886749999775930E-002   5.5088699999942037E-002   4.8467599999639788E-002   5.3853889999572857E-002   8.1562359999679757E-002  0.17582038999989891        6.0413169999719685E-002
   0.0000000000000000        0.0000000000000000        0.0000000000000000        0.0000000000000000        0.0000000000000000        0.0000000000000000        0.0000000000000000        0.0000000000000000       0.16348242999947615        0.0000000000000000        5.0377459999253915E-002   4.9764679999498185E-002   3.3208569999260362E-002   6.3371119999374059E-002   8.9811599999393366E-002   3.6396839999270014E-002   4.1886749999775930E-002   6.1499249999542371E-002   4.8467599999639788E-002   5.5088699999942037E-002   8.1562359999679757E-002   5.3853889999572857E-002   6.0413169999719685E-002  0.17582038999989891     
   0.0000000000000000        0.0000000000000000        0.0000000000000000        0.0000000000000000        0.0000000000000000        0.0000000000000000        0.0000000000000000        0.0000000000000000        4.9764679999498185E-002   5.0377459999253915E-002   0.0000000000000000       0.16348242999947615        3.6396839999270014E-002   8.9811599999393366E-002   6.3371119999374059E-002   3.3208569999260362E-002   5.5088699999942037E-002   4.8467599999639788E-002   6.1499249999542371E-002   4.1886749999775930E-002  0.17582038999989891        6.0413169999719685E-002   5.3853889999572857E-002   8.1562359999679757E-002
   0.0000000000000000        0.0000000000000000        0.0000000000000000        0.0000000000000000        0.0000000000000000        0.0000000000000000        0.0000000000000000        0.0000000000000000        5.0377459999253915E-002   4.9764679999498185E-002  0.16348242999947615        0.0000000000000000        8.9811599999393366E-002   3.6396839999270014E-002   3.3208569999260362E-002   6.3371119999374059E-002   4.8467599999639788E-002   5.5088699999942037E-002   4.1886749999775930E-002   6.1499249999542371E-002   6.0413169999719685E-002  0.17582038999989891        8.1562359999679757E-002   5.3853889999572857E-002
   0.0000000000000000        0.0000000000000000        0.0000000000000000        0.0000000000000000        0.0000000000000000        0.0000000000000000        0.0000000000000000        0.0000000000000000        6.3371119999374059E-002   3.3208569999260362E-002   3.6396839999270014E-002   8.9811599999393366E-002   0.0000000000000000       0.16348242999947615        4.9764679999498185E-002   5.0377459999253915E-002   5.3853889999572857E-002   8.1562359999679757E-002  0.17582038999989891        6.0413169999719685E-002   6.1499249999542371E-002   4.1886749999775930E-002   5.5088699999942037E-002   4.8467599999639788E-002
   0.0000000000000000        0.0000000000000000        0.0000000000000000        0.0000000000000000        0.0000000000000000        0.0000000000000000        0.0000000000000000        0.0000000000000000        3.3208569999260362E-002   6.3371119999374059E-002   8.9811599999393366E-002   3.6396839999270014E-002  0.16348242999947615        0.0000000000000000        5.0377459999253915E-002   4.9764679999498185E-002   8.1562359999679757E-002   5.3853889999572857E-002   6.0413169999719685E-002  0.17582038999989891        4.1886749999775930E-002   6.1499249999542371E-002   4.8467599999639788E-002   5.5088699999942037E-002
   0.0000000000000000        0.0000000000000000        0.0000000000000000        0.0000000000000000        0.0000000000000000        0.0000000000000000        0.0000000000000000        0.0000000000000000        3.6396839999270014E-002   8.9811599999393366E-002   6.3371119999374059E-002   3.3208569999260362E-002   4.9764679999498185E-002   5.0377459999253915E-002   0.0000000000000000       0.16348242999947615       0.17582038999989891        6.0413169999719685E-002   5.3853889999572857E-002   8.1562359999679757E-002   5.5088699999942037E-002   4.8467599999639788E-002   6.1499249999542371E-002   4.1886749999775930E-002
   0.0000000000000000        0.0000000000000000        0.0000000000000000        0.0000000000000000        0.0000000000000000        0.0000000000000000        0.0000000000000000        0.0000000000000000        8.9811599999393366E-002   3.6396839999270014E-002   3.3208569999260362E-002   6.3371119999374059E-002   5.0377459999253915E-002   4.9764679999498185E-002  0.16348242999947615        0.0000000000000000        6.0413169999719685E-002  0.17582038999989891        8.1562359999679757E-002   5.3853889999572857E-002   4.8467599999639788E-002   5.5088699999942037E-002   4.1886749999775930E-002   6.1499249999542371E-002
   0.0000000000000000        0.0000000000000000        0.0000000000000000        0.0000000000000000        0.0000000000000000        0.0000000000000000        0.0000000000000000        0.0000000000000000        0.0000000000000000        0.0000000000000000        0.0000000000000000        0.0000000000000000        0.0000000000000000        0.0000000000000000        0.0000000000000000        0.0000000000000000        0.0000000000000000       0.21470129999988785        9.2263190000267059E-002  0.12034618000006958        9.9486860000070010E-002  0.11422382999990077       0.22351602000026105        8.0604230000062671E-002
   0.0000000000000000        0.0000000000000000        0.0000000000000000        0.0000000000000000        0.0000000000000000        0.0000000000000000        0.0000000000000000        0.0000000000000000        0.0000000000000000        0.0000000000000000        0.0000000000000000        0.0000000000000000        0.0000000000000000        0.0000000000000000        0.0000000000000000        0.0000000000000000       0.21470129999988785        0.0000000000000000       0.12034618000006958        9.2263190000267059E-002  0.11422382999990077        9.9486860000070010E-002   8.0604230000062671E-002  0.22351602000026105     
   0.0000000000000000        0.0000000000000000        0.0000000000000000        0.0000000000000000        0.0000000000000000        0.0000000000000000        0.0000000000000000        0.0000000000000000        0.0000000000000000        0.0000000000000000        0.0000000000000000        0.0000000000000000        0.0000000000000000        0.0000000000000000        0.0000000000000000        0.0000000000000000        9.2263190000267059E-002  0.12034618000006958        0.0000000000000000       0.21470129999988785       0.22351602000026105        8.0604230000062671E-002   9.9486860000070010E-002  0.11422382999990077     
   0.0000000000000000        0.0000000000000000        0.0000000000000000        0.0000000000000000        0.0000000000000000        0.0000000000000000        0.0000000000000000        0.0000000000000000        0.0000000000000000        0.0000000000000000        0.0000000000000000        0.0000000000000000        0.0000000000000000        0.0000000000000000        0.0000000000000000        0.0000000000000000       0.12034618000006958        9.2263190000267059E-002  0.21470129999988785        0.0000000000000000        8.0604230000062671E-002  0.22351602000026105       0.11422382999990077        9.9486860000070010E-002
   0.0000000000000000        0.0000000000000000        0.0000000000000000        0.0000000000000000        0.0000000000000000        0.0000000000000000        0.0000000000000000        0.0000000000000000        0.0000000000000000        0.0000000000000000        0.0000000000000000        0.0000000000000000        0.0000000000000000        0.0000000000000000        0.0000000000000000        0.0000000000000000        9.9486860000070010E-002  0.11422382999990077       0.22351602000026105        8.0604230000062671E-002   0.0000000000000000       0.21470129999988785        9.2263190000267059E-002  0.12034618000006958     
   0.0000000000000000        0.0000000000000000        0.0000000000000000        0.0000000000000000        0.0000000000000000        0.0000000000000000        0.0000000000000000        0.0000000000000000        0.0000000000000000        0.0000000000000000        0.0000000000000000        0.0000000000000000        0.0000000000000000        0.0000000000000000        0.0000000000000000        0.0000000000000000       0.11422382999990077        9.9486860000070010E-002   8.0604230000062671E-002  0.22351602000026105       0.21470129999988785        0.0000000000000000       0.12034618000006958        9.2263190000267059E-002
   0.0000000000000000        0.0000000000000000        0.0000000000000000        0.0000000000000000        0.0000000000000000        0.0000000000000000        0.0000000000000000        0.0000000000000000        0.0000000000000000        0.0000000000000000        0.0000000000000000        0.0000000000000000        0.0000000000000000        0.0000000000000000        0.0000000000000000        0.0000000000000000       0.22351602000026105        8.0604230000062671E-002   9.9486860000070010E-002  0.11422382999990077        9.2263190000267059E-002  0.12034618000006958        0.0000000000000000       0.21470129999988785     
   0.0000000000000000        0.0000000000000000        0.0000000000000000        0.0000000000000000        0.0000000000000000        0.0000000000000000        0.0000000000000000        0.0000000000000000        0.0000000000000000        0.0000000000000000        0.0000000000000000        0.0000000000000000        0.0000000000000000        0.0000000000000000        0.0000000000000000        0.0000000000000000        8.0604230000062671E-002  0.22351602000026105       0.11422382999990077        9.9486860000070010E-002  0.12034618000006958        9.2263190000267059E-002  0.21470129999988785        0.0000000000000000     


 mu1 =    1.0000000000000000      mu2 =    1.0000000000000009     


 Zeroth-, first-, and second-order contribution by configuration for            3 substitutions:

    m     E0(eV)             dE1(eV)         dE2(eV)      E[total] (eV)
  --------------------------------------------------------------------------
    1    -2918.810490      -22.041315        0.427311    -2940.424495
    2    -2918.810490      -22.041315        0.428412    -2940.423393
    3    -2918.810490      -22.041315        0.415266    -2940.436539
    4    -2918.810490      -22.041315        0.458086    -2940.393719
    5    -2918.810490      -22.041315        0.300437    -2940.551368
    6    -2918.810490      -22.041315        0.287091    -2940.564714
    7    -2918.810490      -22.041315        0.518822    -2940.332984
    8    -2918.810490      -22.041496        0.318087    -2940.533899
    9    -2918.810490      -22.041496        0.208851    -2940.643135
   10    -2918.810490      -22.041496        0.217322    -2940.634665
   11    -2918.810490      -22.041496        0.230313    -2940.621673
   12    -2918.810490      -22.041496        0.182618    -2940.669369
   13    -2918.810490      -22.041496        0.318258    -2940.533729
   14    -2918.810490      -22.041496        0.214840    -2940.637146
   15    -2918.810490      -22.041496        0.209964    -2940.642022
   16    -2918.810490      -22.041496        0.332459    -2940.519528
   17    -2918.810490      -22.041496        0.182926    -2940.669061
   18    -2918.810490      -22.041496        0.257285    -2940.594701
   19    -2918.810490      -22.041496        0.222936    -2940.629050
   20    -2918.810490      -22.041496        0.217255    -2940.634731
   21    -2918.810490      -22.041496        0.353546    -2940.498440
   22    -2918.810490      -22.041496        0.350118    -2940.501869
   23    -2918.810490      -22.041496        0.460836    -2940.391151
   24    -2918.810490      -22.041496        0.298311    -2940.553675
   25    -2918.810490      -22.041496        0.330396    -2940.521590
   26    -2918.810490      -22.041496        0.338512    -2940.513475
   27    -2918.810490      -22.041496        0.321937    -2940.530049
   28    -2918.810490      -22.041496        0.377729    -2940.474258
   29    -2918.810490      -22.041496        0.202517    -2940.649470
   30    -2918.810490      -22.041496        0.325816    -2940.526170
   31    -2918.810490      -22.041496        0.229726    -2940.622261
   32    -2918.810490      -22.041496        0.208368    -2940.643619
   33    -2918.810490      -22.041496        0.234613    -2940.617373
   34    -2918.810490      -22.041496        0.234239    -2940.617748
   35    -2918.810490      -22.041496        0.450935    -2940.401052
   36    -2918.810490      -22.041677        0.266868    -2940.585299
   37    -2918.810490      -22.041677        0.267039    -2940.585129
   38    -2918.810490      -22.041677        0.298899    -2940.553269
   39    -2918.810490      -22.041677        0.399716    -2940.452452
   40    -2918.810490      -22.041677        0.166353    -2940.685815
   41    -2918.810490      -22.041677        0.140119    -2940.712049
   42    -2918.810490      -22.041677        0.279439    -2940.572729
   43    -2918.810490      -22.041677        0.191740    -2940.660427
   44    -2918.810490      -22.041677        0.147353    -2940.704815
   45    -2918.810490      -22.041677        0.160344    -2940.691823
   46    -2918.810490      -22.041677        0.307760    -2940.544407
   47    -2918.810490      -22.041677        0.164645    -2940.687523
   48    -2918.810490      -22.041858        0.263625    -2940.588724
   49    -2918.810490      -22.041677        0.178724    -2940.673443
   50    -2918.810490      -22.041677        0.186820    -2940.665347
   51    -2918.810490      -22.041677        0.294280    -2940.557887
   52    -2918.810490      -22.041677        0.172252    -2940.679916
   53    -2918.810490      -22.041677        0.128949    -2940.723218
   54    -2918.810490      -22.041677        0.176270    -2940.675897
   55    -2918.810490      -22.041677        0.257497    -2940.594671
   56    -2918.810490      -22.041677        0.148710    -2940.703457
   57    -2918.810490      -22.041858        0.260062    -2940.592287
   58    -2918.810490      -22.041677        0.145339    -2940.706828
   59    -2918.810490      -22.041677        0.166427    -2940.685741
   60    -2918.810490      -22.041677        0.273716    -2940.578451
   61    -2918.810490      -22.041677        0.138697    -2940.713471
   62    -2918.810490      -22.041858        0.149533    -2940.702816
   63    -2918.810490      -22.041858        0.119983    -2940.732366
   64    -2918.810490      -22.041677        0.192133    -2940.660034
   65    -2918.810490      -22.041677        0.226463    -2940.625705
   66    -2918.810490      -22.041677        0.307519    -2940.544649
   67    -2918.810490      -22.041677        0.211724    -2940.640444
   68    -2918.810490      -22.041858        0.203560    -2940.648789
   69    -2918.810490      -22.041858        0.172785    -2940.679564
   70    -2918.810490      -22.041858        0.289691    -2940.562658
   71    -2918.810490      -21.986508        0.182880    -2940.614118
   72    -2918.810490      -21.986508       -0.006320    -2940.803318
   73    -2918.810490      -21.986508       -0.002926    -2940.799924
   74    -2918.810490      -21.986508        0.189226    -2940.607772
   75    -2918.810490      -21.986508        0.136454    -2940.660544
   76    -2918.810490      -21.986508        0.192130    -2940.604868
   77    -2918.810490      -21.986508        0.055699    -2940.741300
   78    -2918.810490      -21.986508        0.045747    -2940.751251
   79    -2918.810490      -21.986508        0.088277    -2940.708721
   80    -2918.810490      -21.986508        0.112829    -2940.684170
   81    -2918.810490      -21.986508        0.036154    -2940.760844
   82    -2918.810490      -21.986508       -0.003271    -2940.800270
   83    -2918.810490      -21.986508       -0.088916    -2940.885915
   84    -2918.810490      -21.986508        0.221459    -2940.575540
   85    -2918.810490      -21.986508        0.099976    -2940.697022
   86    -2918.810490      -21.986508        0.125777    -2940.671222
   87    -2918.810490      -21.986508       -0.041824    -2940.838823
   88    -2918.810490      -21.986508       -0.089703    -2940.886702
   89    -2918.810490      -21.986508        0.092497    -2940.704502
   90    -2918.810490      -21.986508       -0.042132    -2940.839130
   91    -2918.810490      -21.986508       -0.048331    -2940.845329
   92    -2918.810490      -21.986508        0.051127    -2940.745871
   93    -2918.810490      -21.986508        0.169350    -2940.627648
   94    -2918.810490      -21.986508       -0.006704    -2940.803703
   95    -2918.810490      -21.986508        0.146022    -2940.650976
   96    -2918.810490      -21.986508        0.054214    -2940.742785
   97    -2918.810490      -21.986508       -0.008151    -2940.805150
   98    -2918.810490      -21.986508        0.094617    -2940.702381
   99    -2918.810490      -21.986689        0.119165    -2940.678014
  100    -2918.810490      -21.986689        0.074864    -2940.722316
  101    -2918.810490      -21.986689        0.021304    -2940.775876
  102    -2918.810490      -21.986689        0.182146    -2940.615034
  103    -2918.810490      -21.986689        0.074864    -2940.722315
  104    -2918.810490      -21.986689        0.068291    -2940.728889
  105    -2918.810490      -21.986689        0.142879    -2940.654300
  106    -2918.810490      -21.986689        0.095734    -2940.701445
  107    -2918.810490      -21.986689        0.036906    -2940.760273
  108    -2918.810490      -21.986689        0.031830    -2940.765350
  109    -2918.810490      -21.986689       -0.047964    -2940.845143
  110    -2918.810490      -21.986689        0.126121    -2940.671059
  111    -2918.810490      -21.986689        0.039926    -2940.757253
  112    -2918.810490      -21.986689       -0.022064    -2940.819243
  113    -2918.810490      -21.986689       -0.035174    -2940.832354
  114    -2918.810490      -21.986689        0.148495    -2940.648684
  115    -2918.810490      -21.986870        0.223300    -2940.574060
  116    -2918.810490      -21.986689       -0.013958    -2940.811137
  117    -2918.810490      -21.986689       -0.045268    -2940.842447
  118    -2918.810490      -21.986689       -0.098998    -2940.896178
  119    -2918.810490      -21.986689        0.048853    -2940.748327
  120    -2918.810490      -21.986689        0.070118    -2940.727061
  121    -2918.810490      -21.986689       -0.079571    -2940.876750
  122    -2918.810490      -21.986689       -0.105800    -2940.902979
  123    -2918.810490      -21.986689       -0.009829    -2940.807009
  124    -2918.810490      -21.986870        0.045517    -2940.751844
  125    -2918.810490      -21.986870       -0.016517    -2940.813878
  126    -2918.810490      -21.986689       -0.014507    -2940.811687
  127    -2918.810490      -21.986689       -0.032575    -2940.829754
  128    -2918.810490      -21.986689       -0.112539    -2940.909718
  129    -2918.810490      -21.986689        0.074537    -2940.722643
  130    -2918.810490      -21.986689       -0.039217    -2940.836397
  131    -2918.810490      -21.986689        0.041908    -2940.755271
  132    -2918.810490      -21.986689       -0.072020    -2940.869199
  133    -2918.810490      -21.986689       -0.031466    -2940.828645
  134    -2918.810490      -21.986870        0.052201    -2940.745160
  135    -2918.810490      -21.986870       -0.011058    -2940.808419
  136    -2918.810490      -21.986870        0.038594    -2940.758767
  137    -2918.810490      -21.986689        0.014632    -2940.782548
  138    -2918.810490      -21.986689        0.017652    -2940.779528
  139    -2918.810490      -21.986689        0.045148    -2940.752032
  140    -2918.810490      -21.986689        0.097204    -2940.699976
  141    -2918.810490      -21.986689       -0.014378    -2940.811558
  142    -2918.810490      -21.986689       -0.068272    -2940.865452
  143    -2918.810490      -21.986689       -0.074740    -2940.871920
  144    -2918.810490      -21.986689       -0.013099    -2940.810279
  145    -2918.810490      -21.986870        0.088948    -2940.708413
  146    -2918.810490      -21.986870       -0.003861    -2940.801222
  147    -2918.810490      -21.986870       -0.064739    -2940.862100
  148    -2918.810490      -21.986870       -0.005253    -2940.802613
  149    -2918.810490      -21.986689        0.005489    -2940.791691
  150    -2918.810490      -21.986689       -0.046909    -2940.844088
  151    -2918.810490      -21.986689       -0.107111    -2940.904291
  152    -2918.810490      -21.986689        0.175759    -2940.621421
  153    -2918.810490      -21.986689       -0.070843    -2940.868022
  154    -2918.810490      -21.986689       -0.085512    -2940.882691
  155    -2918.810490      -21.986689       -0.118213    -2940.915393
  156    -2918.810490      -21.986689       -0.043330    -2940.840509
  157    -2918.810490      -21.986870        0.021933    -2940.775428
  158    -2918.810490      -21.986870       -0.010551    -2940.807912
  159    -2918.810490      -21.986870       -0.048176    -2940.845537
  160    -2918.810490      -21.986870       -0.095519    -2940.892880
  161    -2918.810490      -21.986870        0.055319    -2940.742042
  162    -2918.810490      -21.986689        0.163942    -2940.633238
  163    -2918.810490      -21.986689        0.023846    -2940.773334
  164    -2918.810490      -21.986689       -0.049476    -2940.846655
  165    -2918.810490      -21.986689        0.145696    -2940.651484
  166    -2918.810490      -21.986689        0.006554    -2940.790625
  167    -2918.810490      -21.986689       -0.034349    -2940.831528
  168    -2918.810490      -21.986689       -0.040987    -2940.838167
  169    -2918.810490      -21.986689        0.007663    -2940.789517
  170    -2918.810490      -21.986870        0.089316    -2940.708045
  171    -2918.810490      -21.986870        0.080085    -2940.717276
  172    -2918.810490      -21.986870       -0.010422    -2940.807783
  173    -2918.810490      -21.986870       -0.034513    -2940.831874
  174    -2918.810490      -21.986870        0.005796    -2940.791564
  175    -2918.810490      -21.986870       -0.030443    -2940.827804
  176    -2918.810490      -21.986689       -0.024828    -2940.822007
  177    -2918.810490      -21.986689        0.065891    -2940.731289
  178    -2918.810490      -21.986689       -0.095129    -2940.892309
  179    -2918.810490      -21.986689        0.044625    -2940.752554
  180    -2918.810490      -21.986689       -0.073429    -2940.870609
  181    -2918.810490      -21.986689       -0.101090    -2940.898269
  182    -2918.810490      -21.986689       -0.133961    -2940.931141
  183    -2918.810490      -21.986689       -0.046086    -2940.843266
  184    -2918.810490      -21.986870        0.069369    -2940.727992
  185    -2918.810490      -21.986870       -0.046692    -2940.844053
  186    -2918.810490      -21.986870       -0.113947    -2940.911307
  187    -2918.810490      -21.986870       -0.077712    -2940.875073
  188    -2918.810490      -21.986870       -0.066953    -2940.864314
  189    -2918.810490      -21.986870       -0.104418    -2940.901779
  190    -2918.810490      -21.986870        0.073495    -2940.723866
  191    -2918.810490      -21.931701       -0.135047    -2940.877238
  192    -2918.810490      -21.931701       -0.125796    -2940.867988
  193    -2918.810490      -21.931701       -0.217951    -2940.960142
  194    -2918.810490      -21.931701       -0.223310    -2940.965501
  195    -2918.810490      -21.931883       -0.043408    -2940.785780
  196    -2918.810490      -21.931883       -0.228114    -2940.970487
  197    -2918.810490      -21.931883       -0.211389    -2940.953762
  198    -2918.810490      -21.931883       -0.193213    -2940.935586
  199    -2918.810490      -21.931701       -0.232431    -2940.974623
  200    -2918.810490      -21.931701       -0.089657    -2940.831848
  201    -2918.810490      -21.931701       -0.268243    -2941.010435
  202    -2918.810490      -21.931701       -0.234262    -2940.976454
  203    -2918.810490      -21.931883       -0.138096    -2940.880469
  204    -2918.810490      -21.931883       -0.194671    -2940.937044
  205    -2918.810490      -21.931883       -0.177816    -2940.920189
  206    -2918.810490      -21.931883       -0.288030    -2941.030403
  207    -2918.810490      -21.931701       -0.117078    -2940.859269
  208    -2918.810490      -21.931701        0.075074    -2940.667118
  209    -2918.810490      -21.931701       -0.162483    -2940.904674
  210    -2918.810490      -21.931701       -0.059938    -2940.802130
  211    -2918.810490      -21.931883       -0.060700    -2940.803073
  212    -2918.810490      -21.931883        0.008018    -2940.734355
  213    -2918.810490      -21.931883       -0.074626    -2940.816999
  214    -2918.810490      -21.931883       -0.111136    -2940.853509
  215    -2918.810490      -21.876895       -0.230879    -2940.918264
  216    -2918.810490      -21.931701       -0.160036    -2940.902228
  217    -2918.810490      -21.931701       -0.219006    -2940.961198
  218    -2918.810490      -21.931701       -0.305438    -2941.047630
  219    -2918.810490      -21.931701       -0.069713    -2940.811904
  220    -2918.810490      -21.931883       -0.090671    -2940.833044
  221    -2918.810490      -21.931883       -0.190170    -2940.932543
  222    -2918.810490      -21.931883       -0.190041    -2940.932414
  223    -2918.810490      -21.931883       -0.257331    -2940.999704
  224    -2918.810490      -21.931701       -0.190444    -2940.932636
  225    -2918.810490      -21.931701       -0.200037    -2940.942229
  226    -2918.810490      -21.931701       -0.143695    -2940.885886
  227    -2918.810490      -21.931701       -0.242895    -2940.985087
  228    -2918.810490      -21.931883       -0.159037    -2940.901410
  229    -2918.810490      -21.931883       -0.133243    -2940.875616
  230    -2918.810490      -21.931883       -0.189689    -2940.932062
  231    -2918.810490      -21.931883       -0.269123    -2941.011495
  232    -2918.810490      -21.876895       -0.341441    -2941.028826
  233    -2918.810490      -21.931701       -0.232519    -2940.974711
  234    -2918.810490      -21.931701       -0.099338    -2940.841530
  235    -2918.810490      -21.931701       -0.195020    -2940.937212
  236    -2918.810490      -21.931701       -0.151446    -2940.893638
  237    -2918.810490      -21.931883       -0.198417    -2940.940789
  238    -2918.810490      -21.931883       -0.229197    -2940.971570
  239    -2918.810490      -21.931883       -0.044361    -2940.786734
  240    -2918.810490      -21.931883       -0.180370    -2940.922743
  241    -2918.810490      -21.876895       -0.347376    -2941.034761
  242    -2918.810490      -21.876895       -0.213054    -2940.900439
  243    -2918.810490      -21.931701       -0.070522    -2940.812714
  244    -2918.810490      -21.931701       -0.272267    -2941.014458
  245    -2918.810490      -21.931701       -0.225174    -2940.967366
  246    -2918.810490      -21.931701       -0.132223    -2940.874415
  247    -2918.810490      -21.931883       -0.197810    -2940.940183
  248    -2918.810490      -21.931883       -0.240734    -2940.983107
  249    -2918.810490      -21.931883       -0.112473    -2940.854846
  250    -2918.810490      -21.931883       -0.123189    -2940.865562
  251    -2918.810490      -21.876895       -0.212800    -2940.900185
  252    -2918.810490      -21.876895       -0.358561    -2941.045946
  253    -2918.810490      -21.876895       -0.303252    -2940.990637


 Minimum-energy configuration:          218  with energy:   -2941.0476300300002       eV.
 Maximum-energy configuration:            7  with energy:   -2940.3329837299998       eV.


