   10.0556     10.0556     11.0378     90.0000     90.0000    120.0000
          24          48
Si     0.0000000    0.2386450    0.1666667
Si     0.0000000    0.2386450    0.6666667
Si     0.0000000    0.7386450    0.1666667
Si     0.0000000    0.7386450    0.6666667
Si     0.5000000    0.2386450    0.1666667
Si     0.5000000    0.2386450    0.6666667
Si     0.5000000    0.7386450    0.1666667
Si     0.5000000    0.7386450    0.6666667
Si     0.2613550    0.2613550    0.0000002
Si     0.2613550    0.2613550    0.5000002
Si     0.2613550    0.7613550    0.0000002
Si     0.2613550    0.7613550    0.5000002
Si     0.7613550    0.2613550    0.0000002
Si     0.7613550    0.2613550    0.5000002
Si     0.7613550    0.7613550    0.0000002
Si     0.7613550    0.7613550    0.5000002
Si     0.2386450    0.0000000    0.3333332
Si     0.2386450    0.0000000    0.8333332
Si     0.2386450    0.5000000    0.3333332
Si     0.2386450    0.5000000    0.8333332
Si     0.7386450    0.0000000    0.3333332
Si     0.7386450    0.0000000    0.8333332
Si     0.7386450    0.5000000    0.3333332
Si     0.7386450    0.5000000    0.8333332
O      0.0803700    0.3728515    0.2686668
O      0.0803700    0.3728515    0.7686668
O      0.0803700    0.8728515    0.2686668
O      0.0803700    0.8728515    0.7686668
O      0.5803700    0.3728515    0.2686668
O      0.5803700    0.3728515    0.7686668
O      0.5803700    0.8728515    0.2686668
O      0.5803700    0.8728515    0.7686668
O      0.1271485    0.2075185    0.1020003
O      0.1271485    0.2075185    0.6020003
O      0.1271485    0.7075185    0.1020003
O      0.1271485    0.7075185    0.6020003
O      0.6271485    0.2075185    0.1020003
O      0.6271485    0.2075185    0.6020003
O      0.6271485    0.7075185    0.1020003
O      0.6271485    0.7075185    0.6020003
O      0.2924815    0.4196300    0.4353333
O      0.2924815    0.4196300    0.9353333
O      0.2924815    0.9196300    0.4353333
O      0.2924815    0.9196300    0.9353333
O      0.7924815    0.4196300    0.4353333
O      0.7924815    0.4196300    0.9353333
O      0.7924815    0.9196300    0.4353333
O      0.7924815    0.9196300    0.9353333
O      0.3728515    0.0803700    0.2313332
O      0.3728515    0.0803700    0.7313332
O      0.3728515    0.5803700    0.2313332
O      0.3728515    0.5803700    0.7313332
O      0.8728515    0.0803700    0.2313332
O      0.8728515    0.0803700    0.7313332
O      0.8728515    0.5803700    0.2313332
O      0.8728515    0.5803700    0.7313332
O      0.2075185    0.1271485    0.3979997
O      0.2075185    0.1271485    0.8979997
O      0.2075185    0.6271485    0.3979997
O      0.2075185    0.6271485    0.8979997
O      0.7075185    0.1271485    0.3979997
O      0.7075185    0.1271485    0.8979997
O      0.7075185    0.6271485    0.3979997
O      0.7075185    0.6271485    0.8979997
O      0.4196300    0.2924815    0.0646667
O      0.4196300    0.2924815    0.5646667
O      0.4196300    0.7924815    0.0646667
O      0.4196300    0.7924815    0.5646667
O      0.9196300    0.2924815    0.0646667
O      0.9196300    0.2924815    0.5646667
O      0.9196300    0.7924815    0.0646667
O      0.9196300    0.7924815    0.5646667
