 List of operators for configuration:            1
           1
   1.0000000000000000        0.0000000000000000        0.0000000000000000        0.0000000000000000     
   0.0000000000000000        1.0000000000000000        0.0000000000000000        0.0000000000000000     
   0.0000000000000000        0.0000000000000000        1.0000000000000000        0.0000000000000000     
           2
  -1.0000000000000000        0.0000000000000000        0.0000000000000000        0.0000000000000000     
  -1.0000000000000000        1.0000000000000000        0.0000000000000000        0.0000000000000000     
   0.0000000000000000        0.0000000000000000       -1.0000000000000000       0.33333350000000000     
           0
