 List of operators for configuration:            1
           1
   1.0000000000000000        0.0000000000000000        0.0000000000000000        0.0000000000000000     
   0.0000000000000000        1.0000000000000000        0.0000000000000000        0.0000000000000000     
   0.0000000000000000        0.0000000000000000        1.0000000000000000        0.0000000000000000     
           0
 List of operators for configuration:            2
           1
   1.0000000000000000        0.0000000000000000        0.0000000000000000        0.0000000000000000     
   0.0000000000000000        1.0000000000000000        0.0000000000000000        0.0000000000000000     
   0.0000000000000000        0.0000000000000000        1.0000000000000000        0.0000000000000000     
           2
   1.0000000000000000       -1.0000000000000000        0.0000000000000000       0.50000000000000000     
   0.0000000000000000       -1.0000000000000000        0.0000000000000000        0.0000000000000000     
   0.0000000000000000        0.0000000000000000       -1.0000000000000000       0.66666650000000005     
           0
 List of operators for configuration:            3
           1
   1.0000000000000000        0.0000000000000000        0.0000000000000000        0.0000000000000000     
   0.0000000000000000        1.0000000000000000        0.0000000000000000        0.0000000000000000     
   0.0000000000000000        0.0000000000000000        1.0000000000000000        0.0000000000000000     
           2
   1.0000000000000000       -1.0000000000000000        0.0000000000000000        0.0000000000000000     
   0.0000000000000000       -1.0000000000000000        0.0000000000000000        0.0000000000000000     
   0.0000000000000000        0.0000000000000000       -1.0000000000000000       0.66666650000000005     
           0
 List of operators for configuration:            4
           1
   1.0000000000000000        0.0000000000000000        0.0000000000000000        0.0000000000000000     
   0.0000000000000000        1.0000000000000000        0.0000000000000000        0.0000000000000000     
   0.0000000000000000        0.0000000000000000        1.0000000000000000        0.0000000000000000     
           0
 List of operators for configuration:            5
           1
   1.0000000000000000        0.0000000000000000        0.0000000000000000        0.0000000000000000     
   0.0000000000000000        1.0000000000000000        0.0000000000000000        0.0000000000000000     
   0.0000000000000000        0.0000000000000000        1.0000000000000000        0.0000000000000000     
           2
   1.0000000000000000       -1.0000000000000000        0.0000000000000000        0.0000000000000000     
   0.0000000000000000       -1.0000000000000000        0.0000000000000000        0.0000000000000000     
   0.0000000000000000        0.0000000000000000       -1.0000000000000000       0.66666650000000005     
           0
 List of operators for configuration:            6
           1
   1.0000000000000000        0.0000000000000000        0.0000000000000000        0.0000000000000000     
   0.0000000000000000        1.0000000000000000        0.0000000000000000        0.0000000000000000     
   0.0000000000000000        0.0000000000000000        1.0000000000000000        0.0000000000000000     
           0
 List of operators for configuration:            7
           1
   1.0000000000000000        0.0000000000000000        0.0000000000000000        0.0000000000000000     
   0.0000000000000000        1.0000000000000000        0.0000000000000000        0.0000000000000000     
   0.0000000000000000        0.0000000000000000        1.0000000000000000        0.0000000000000000     
           0
 List of operators for configuration:            8
           1
   1.0000000000000000        0.0000000000000000        0.0000000000000000        0.0000000000000000     
   0.0000000000000000        1.0000000000000000        0.0000000000000000        0.0000000000000000     
   0.0000000000000000        0.0000000000000000        1.0000000000000000        0.0000000000000000     
           0
 List of operators for configuration:            9
           1
   1.0000000000000000        0.0000000000000000        0.0000000000000000        0.0000000000000000     
   0.0000000000000000        1.0000000000000000        0.0000000000000000        0.0000000000000000     
   0.0000000000000000        0.0000000000000000        1.0000000000000000        0.0000000000000000     
           0
 List of operators for configuration:           10
           1
   1.0000000000000000        0.0000000000000000        0.0000000000000000        0.0000000000000000     
   0.0000000000000000        1.0000000000000000        0.0000000000000000        0.0000000000000000     
   0.0000000000000000        0.0000000000000000        1.0000000000000000        0.0000000000000000     
           0
 List of operators for configuration:           11
           1
   1.0000000000000000        0.0000000000000000        0.0000000000000000        0.0000000000000000     
   0.0000000000000000        1.0000000000000000        0.0000000000000000        0.0000000000000000     
   0.0000000000000000        0.0000000000000000        1.0000000000000000        0.0000000000000000     
           0
 List of operators for configuration:           12
           1
   1.0000000000000000        0.0000000000000000        0.0000000000000000        0.0000000000000000     
   0.0000000000000000        1.0000000000000000        0.0000000000000000        0.0000000000000000     
   0.0000000000000000        0.0000000000000000        1.0000000000000000        0.0000000000000000     
           0
 List of operators for configuration:           13
           1
   1.0000000000000000        0.0000000000000000        0.0000000000000000        0.0000000000000000     
   0.0000000000000000        1.0000000000000000        0.0000000000000000        0.0000000000000000     
   0.0000000000000000        0.0000000000000000        1.0000000000000000        0.0000000000000000     
           0
 List of operators for configuration:           14
           1
   1.0000000000000000        0.0000000000000000        0.0000000000000000        0.0000000000000000     
   0.0000000000000000        1.0000000000000000        0.0000000000000000        0.0000000000000000     
   0.0000000000000000        0.0000000000000000        1.0000000000000000        0.0000000000000000     
           0
 List of operators for configuration:           15
           1
   1.0000000000000000        0.0000000000000000        0.0000000000000000        0.0000000000000000     
   0.0000000000000000        1.0000000000000000        0.0000000000000000        0.0000000000000000     
   0.0000000000000000        0.0000000000000000        1.0000000000000000        0.0000000000000000     
           0
 List of operators for configuration:           16
           1
   1.0000000000000000        0.0000000000000000        0.0000000000000000        0.0000000000000000     
   0.0000000000000000        1.0000000000000000        0.0000000000000000        0.0000000000000000     
   0.0000000000000000        0.0000000000000000        1.0000000000000000        0.0000000000000000     
           0
 List of operators for configuration:           17
           1
   1.0000000000000000        0.0000000000000000        0.0000000000000000        0.0000000000000000     
   0.0000000000000000        1.0000000000000000        0.0000000000000000        0.0000000000000000     
   0.0000000000000000        0.0000000000000000        1.0000000000000000        0.0000000000000000     
           0
 List of operators for configuration:           18
           1
   1.0000000000000000        0.0000000000000000        0.0000000000000000        0.0000000000000000     
   0.0000000000000000        1.0000000000000000        0.0000000000000000        0.0000000000000000     
   0.0000000000000000        0.0000000000000000        1.0000000000000000        0.0000000000000000     
           0
 List of operators for configuration:           19
           1
   1.0000000000000000        0.0000000000000000        0.0000000000000000        0.0000000000000000     
   0.0000000000000000        1.0000000000000000        0.0000000000000000        0.0000000000000000     
   0.0000000000000000        0.0000000000000000        1.0000000000000000        0.0000000000000000     
           0
 List of operators for configuration:           20
           1
   1.0000000000000000        0.0000000000000000        0.0000000000000000        0.0000000000000000     
   0.0000000000000000        1.0000000000000000        0.0000000000000000        0.0000000000000000     
   0.0000000000000000        0.0000000000000000        1.0000000000000000        0.0000000000000000     
           0
 List of operators for configuration:           21
           1
   1.0000000000000000        0.0000000000000000        0.0000000000000000        0.0000000000000000     
   0.0000000000000000        1.0000000000000000        0.0000000000000000        0.0000000000000000     
   0.0000000000000000        0.0000000000000000        1.0000000000000000        0.0000000000000000     
           0
 List of operators for configuration:           22
           1
   1.0000000000000000        0.0000000000000000        0.0000000000000000        0.0000000000000000     
   0.0000000000000000        1.0000000000000000        0.0000000000000000        0.0000000000000000     
   0.0000000000000000        0.0000000000000000        1.0000000000000000        0.0000000000000000     
           0
 List of operators for configuration:           23
           1
   1.0000000000000000        0.0000000000000000        0.0000000000000000        0.0000000000000000     
   0.0000000000000000        1.0000000000000000        0.0000000000000000        0.0000000000000000     
   0.0000000000000000        0.0000000000000000        1.0000000000000000        0.0000000000000000     
           0
 List of operators for configuration:           24
           1
   1.0000000000000000        0.0000000000000000        0.0000000000000000        0.0000000000000000     
   0.0000000000000000        1.0000000000000000        0.0000000000000000        0.0000000000000000     
   0.0000000000000000        0.0000000000000000        1.0000000000000000        0.0000000000000000     
           0
 List of operators for configuration:           25
           1
   1.0000000000000000        0.0000000000000000        0.0000000000000000        0.0000000000000000     
   0.0000000000000000        1.0000000000000000        0.0000000000000000        0.0000000000000000     
   0.0000000000000000        0.0000000000000000        1.0000000000000000        0.0000000000000000     
           0
 List of operators for configuration:           26
           1
   1.0000000000000000        0.0000000000000000        0.0000000000000000        0.0000000000000000     
   0.0000000000000000        1.0000000000000000        0.0000000000000000        0.0000000000000000     
   0.0000000000000000        0.0000000000000000        1.0000000000000000        0.0000000000000000     
           0
 List of operators for configuration:           27
           1
   1.0000000000000000        0.0000000000000000        0.0000000000000000        0.0000000000000000     
   0.0000000000000000        1.0000000000000000        0.0000000000000000        0.0000000000000000     
   0.0000000000000000        0.0000000000000000        1.0000000000000000        0.0000000000000000     
           0
 List of operators for configuration:           28
           1
   1.0000000000000000        0.0000000000000000        0.0000000000000000        0.0000000000000000     
   0.0000000000000000        1.0000000000000000        0.0000000000000000        0.0000000000000000     
   0.0000000000000000        0.0000000000000000        1.0000000000000000        0.0000000000000000     
           0
 List of operators for configuration:           29
           1
   1.0000000000000000        0.0000000000000000        0.0000000000000000        0.0000000000000000     
   0.0000000000000000        1.0000000000000000        0.0000000000000000        0.0000000000000000     
   0.0000000000000000        0.0000000000000000        1.0000000000000000        0.0000000000000000     
           0
 List of operators for configuration:           30
           1
   1.0000000000000000        0.0000000000000000        0.0000000000000000        0.0000000000000000     
   0.0000000000000000        1.0000000000000000        0.0000000000000000        0.0000000000000000     
   0.0000000000000000        0.0000000000000000        1.0000000000000000        0.0000000000000000     
           0
 List of operators for configuration:           31
           1
   1.0000000000000000        0.0000000000000000        0.0000000000000000        0.0000000000000000     
   0.0000000000000000        1.0000000000000000        0.0000000000000000        0.0000000000000000     
   0.0000000000000000        0.0000000000000000        1.0000000000000000        0.0000000000000000     
           0
 List of operators for configuration:           32
           1
   1.0000000000000000        0.0000000000000000        0.0000000000000000        0.0000000000000000     
   0.0000000000000000        1.0000000000000000        0.0000000000000000        0.0000000000000000     
   0.0000000000000000        0.0000000000000000        1.0000000000000000        0.0000000000000000     
           0
 List of operators for configuration:           33
           1
   1.0000000000000000        0.0000000000000000        0.0000000000000000        0.0000000000000000     
   0.0000000000000000        1.0000000000000000        0.0000000000000000        0.0000000000000000     
   0.0000000000000000        0.0000000000000000        1.0000000000000000        0.0000000000000000     
           0
 List of operators for configuration:           34
           1
   1.0000000000000000        0.0000000000000000        0.0000000000000000        0.0000000000000000     
   0.0000000000000000        1.0000000000000000        0.0000000000000000        0.0000000000000000     
   0.0000000000000000        0.0000000000000000        1.0000000000000000        0.0000000000000000     
           0
 List of operators for configuration:           35
           1
   1.0000000000000000        0.0000000000000000        0.0000000000000000        0.0000000000000000     
   0.0000000000000000        1.0000000000000000        0.0000000000000000        0.0000000000000000     
   0.0000000000000000        0.0000000000000000        1.0000000000000000        0.0000000000000000     
           2
   0.0000000000000000        1.0000000000000000        0.0000000000000000        0.0000000000000000     
   1.0000000000000000        0.0000000000000000        0.0000000000000000        0.0000000000000000     
   0.0000000000000000        0.0000000000000000       -1.0000000000000000        0.0000000000000000     
           0
 List of operators for configuration:           36
           1
   1.0000000000000000        0.0000000000000000        0.0000000000000000        0.0000000000000000     
   0.0000000000000000        1.0000000000000000        0.0000000000000000        0.0000000000000000     
   0.0000000000000000        0.0000000000000000        1.0000000000000000        0.0000000000000000     
           0
 List of operators for configuration:           37
           1
   1.0000000000000000        0.0000000000000000        0.0000000000000000        0.0000000000000000     
   0.0000000000000000        1.0000000000000000        0.0000000000000000        0.0000000000000000     
   0.0000000000000000        0.0000000000000000        1.0000000000000000        0.0000000000000000     
           2
  -1.0000000000000000        0.0000000000000000        0.0000000000000000        0.0000000000000000     
  -1.0000000000000000        1.0000000000000000        0.0000000000000000       0.50000000000000000     
   0.0000000000000000        0.0000000000000000       -1.0000000000000000       0.33333350000000000     
           0
 List of operators for configuration:           38
           1
   1.0000000000000000        0.0000000000000000        0.0000000000000000        0.0000000000000000     
   0.0000000000000000        1.0000000000000000        0.0000000000000000        0.0000000000000000     
   0.0000000000000000        0.0000000000000000        1.0000000000000000        0.0000000000000000     
           0
 List of operators for configuration:           39
           1
   1.0000000000000000        0.0000000000000000        0.0000000000000000        0.0000000000000000     
   0.0000000000000000        1.0000000000000000        0.0000000000000000        0.0000000000000000     
   0.0000000000000000        0.0000000000000000        1.0000000000000000        0.0000000000000000     
           0
 List of operators for configuration:           40
           1
   1.0000000000000000        0.0000000000000000        0.0000000000000000        0.0000000000000000     
   0.0000000000000000        1.0000000000000000        0.0000000000000000        0.0000000000000000     
   0.0000000000000000        0.0000000000000000        1.0000000000000000        0.0000000000000000     
           0
 List of operators for configuration:           41
           1
   1.0000000000000000        0.0000000000000000        0.0000000000000000        0.0000000000000000     
   0.0000000000000000        1.0000000000000000        0.0000000000000000        0.0000000000000000     
   0.0000000000000000        0.0000000000000000        1.0000000000000000        0.0000000000000000     
           2
   0.0000000000000000        1.0000000000000000        0.0000000000000000        0.0000000000000000     
   1.0000000000000000        0.0000000000000000        0.0000000000000000        0.0000000000000000     
   0.0000000000000000        0.0000000000000000       -1.0000000000000000        0.0000000000000000     
           0
 List of operators for configuration:           42
           1
   1.0000000000000000        0.0000000000000000        0.0000000000000000        0.0000000000000000     
   0.0000000000000000        1.0000000000000000        0.0000000000000000        0.0000000000000000     
   0.0000000000000000        0.0000000000000000        1.0000000000000000        0.0000000000000000     
           2
   0.0000000000000000       -1.0000000000000000        0.0000000000000000       0.50000000000000000     
   1.0000000000000000       -1.0000000000000000        0.0000000000000000        0.0000000000000000     
   0.0000000000000000        0.0000000000000000        1.0000000000000000       0.33333350000000000     
           3
  -1.0000000000000000        1.0000000000000000        0.0000000000000000       0.50000000000000000     
  -1.0000000000000000        0.0000000000000000        0.0000000000000000       0.50000000000000000     
   0.0000000000000000        0.0000000000000000        1.0000000000000000       0.66666650000000005     
           0
 List of operators for configuration:           43
           1
   1.0000000000000000        0.0000000000000000        0.0000000000000000        0.0000000000000000     
   0.0000000000000000        1.0000000000000000        0.0000000000000000        0.0000000000000000     
   0.0000000000000000        0.0000000000000000        1.0000000000000000        0.0000000000000000     
           2
  -1.0000000000000000        0.0000000000000000        0.0000000000000000        0.0000000000000000     
  -1.0000000000000000        1.0000000000000000        0.0000000000000000       0.50000000000000000     
   0.0000000000000000        0.0000000000000000       -1.0000000000000000       0.33333350000000000     
           0
 List of operators for configuration:           44
           1
   1.0000000000000000        0.0000000000000000        0.0000000000000000        0.0000000000000000     
   0.0000000000000000        1.0000000000000000        0.0000000000000000        0.0000000000000000     
   0.0000000000000000        0.0000000000000000        1.0000000000000000        0.0000000000000000     
           0
 List of operators for configuration:           45
           1
   1.0000000000000000        0.0000000000000000        0.0000000000000000        0.0000000000000000     
   0.0000000000000000        1.0000000000000000        0.0000000000000000        0.0000000000000000     
   0.0000000000000000        0.0000000000000000        1.0000000000000000        0.0000000000000000     
           0
 List of operators for configuration:           46
           1
   1.0000000000000000        0.0000000000000000        0.0000000000000000        0.0000000000000000     
   0.0000000000000000        1.0000000000000000        0.0000000000000000        0.0000000000000000     
   0.0000000000000000        0.0000000000000000        1.0000000000000000        0.0000000000000000     
           2
  -1.0000000000000000        0.0000000000000000        0.0000000000000000        0.0000000000000000     
  -1.0000000000000000        1.0000000000000000        0.0000000000000000       0.50000000000000000     
   0.0000000000000000        0.0000000000000000       -1.0000000000000000       0.33333350000000000     
           0
 List of operators for configuration:           47
           1
   1.0000000000000000        0.0000000000000000        0.0000000000000000        0.0000000000000000     
   0.0000000000000000        1.0000000000000000        0.0000000000000000        0.0000000000000000     
   0.0000000000000000        0.0000000000000000        1.0000000000000000        0.0000000000000000     
           2
   0.0000000000000000       -1.0000000000000000        0.0000000000000000       0.50000000000000000     
   1.0000000000000000       -1.0000000000000000        0.0000000000000000       0.50000000000000000     
   0.0000000000000000        0.0000000000000000        1.0000000000000000       0.33333350000000000     
           3
  -1.0000000000000000        1.0000000000000000        0.0000000000000000        0.0000000000000000     
  -1.0000000000000000        0.0000000000000000        0.0000000000000000       0.50000000000000000     
   0.0000000000000000        0.0000000000000000        1.0000000000000000       0.66666650000000005     
           4
   0.0000000000000000        1.0000000000000000        0.0000000000000000       0.50000000000000000     
   1.0000000000000000        0.0000000000000000        0.0000000000000000       0.50000000000000000     
   0.0000000000000000        0.0000000000000000       -1.0000000000000000        0.0000000000000000     
           5
   1.0000000000000000       -1.0000000000000000        0.0000000000000000        0.0000000000000000     
   0.0000000000000000       -1.0000000000000000        0.0000000000000000        0.0000000000000000     
   0.0000000000000000        0.0000000000000000       -1.0000000000000000       0.66666650000000005     
           6
  -1.0000000000000000        0.0000000000000000        0.0000000000000000        0.0000000000000000     
  -1.0000000000000000        1.0000000000000000        0.0000000000000000       0.50000000000000000     
   0.0000000000000000        0.0000000000000000       -1.0000000000000000       0.33333350000000000     
           0
 List of operators for configuration:           48
           1
   1.0000000000000000        0.0000000000000000        0.0000000000000000        0.0000000000000000     
   0.0000000000000000        1.0000000000000000        0.0000000000000000        0.0000000000000000     
   0.0000000000000000        0.0000000000000000        1.0000000000000000        0.0000000000000000     
           2
  -1.0000000000000000        0.0000000000000000        0.0000000000000000        0.0000000000000000     
  -1.0000000000000000        1.0000000000000000        0.0000000000000000       0.50000000000000000     
   0.0000000000000000        0.0000000000000000       -1.0000000000000000       0.33333350000000000     
           0
 List of operators for configuration:           49
           1
   1.0000000000000000        0.0000000000000000        0.0000000000000000        0.0000000000000000     
   0.0000000000000000        1.0000000000000000        0.0000000000000000        0.0000000000000000     
   0.0000000000000000        0.0000000000000000        1.0000000000000000        0.0000000000000000     
           2
   0.0000000000000000       -1.0000000000000000        0.0000000000000000        0.0000000000000000     
   1.0000000000000000       -1.0000000000000000        0.0000000000000000       0.50000000000000000     
   0.0000000000000000        0.0000000000000000        1.0000000000000000       0.33333350000000000     
           3
  -1.0000000000000000        1.0000000000000000        0.0000000000000000       0.50000000000000000     
  -1.0000000000000000        0.0000000000000000        0.0000000000000000        0.0000000000000000     
   0.0000000000000000        0.0000000000000000        1.0000000000000000       0.66666650000000005     
           4
   0.0000000000000000        1.0000000000000000        0.0000000000000000        0.0000000000000000     
   1.0000000000000000        0.0000000000000000        0.0000000000000000        0.0000000000000000     
   0.0000000000000000        0.0000000000000000       -1.0000000000000000        0.0000000000000000     
           5
   1.0000000000000000       -1.0000000000000000        0.0000000000000000       0.50000000000000000     
   0.0000000000000000       -1.0000000000000000        0.0000000000000000        0.0000000000000000     
   0.0000000000000000        0.0000000000000000       -1.0000000000000000       0.66666650000000005     
           6
  -1.0000000000000000        0.0000000000000000        0.0000000000000000        0.0000000000000000     
  -1.0000000000000000        1.0000000000000000        0.0000000000000000       0.50000000000000000     
   0.0000000000000000        0.0000000000000000       -1.0000000000000000       0.33333350000000000     
           0
