#
-3088.99835449 0.00000000 00
-3082.17725589 0.00431031 01
-3075.40553049 0.03644829 02
-3068.61079707 0.04582979 03
-3061.92239107 0.05627567 04
-3041.16111298 0.02094578 07
-3034.15278157 0.03491073 08
-3027.09530544 0.03414646 09
-3020.07788149 0.03059438 10
-3013.01951232 0.02636362 11
-3006.10568601 0.02486086 12
-2999.05852593 0.01228697 13
-2991.85230410 0.02609538 14
-2984.67309152 0.01959080 15
-2977.39819847 0.02436989 16
-2970.15210943 0.03400993 17
-2948.44895011 0.03591120 020
-2940.87725748 0.03799185 021
-2933.51974534 0.02635105 022
-2926.15458834 0.01266791 023
-2918.81049031 0.00000000 024
