# idx degeneracy energy_Si_eV energy_Ge_eV energy_mix_eV
     1            6 -717.42244758                    -717.42244758                    -717.42244758                   
     2           48 -717.49338126                    -717.47211738                    -717.49338126                   
     3           48 -717.47253873                    -717.46121227                    -717.47253873                   
     4           48 -717.45146122                    -717.43808620                    -717.45146122                   
     5           48 -717.45927963                    -717.45079791                    -717.45927963                   
     6           48 -717.43569310                    -717.43120288                    -717.43569310                   
     7           48 -717.43326284                    -717.42289862                    -717.43326284                   
     8           48 -717.49657099                    -717.47425256                    -717.49657099                   
     9           48 -717.44772720                    -717.44050201                    -717.44772720                   
    10           48 -717.46722477                    -717.45705278                    -717.46722477                   
    11           48 -717.46603304                    -717.44877514                    -717.46603304                   
    12           12 -717.53282912                    -717.52025885                    -717.53282912                   
    13           24 -717.51016906                    -717.49362179                    -717.51016906                   
    14           24 -717.50961429                    -717.49871050                    -717.50961429                   
    15           48 -717.53252966                    -717.53101029                    -717.53252966                   
    16           48 -717.53263031                    -717.51898877                    -717.53263031                   
    17           48 -717.51416117                    -717.49856046                    -717.51416117                   
    18           48 -717.46230306                    -717.46304592                    -717.46230306                   
    19           48 -717.53059751                    -717.53059751                    -717.53059751                   
    20           48 -717.53199968                    -717.51894419                    -717.53199968                   
    21           48 -717.49965851                    -717.48815085                    -717.49965851                   
    22           48 -717.50666045                    -717.49928530                    -717.50666045                   
    23           48 -717.52379163                    -717.51606021                    -717.52379163                   
    24           48 -717.52410922                    -717.50789716                    -717.52410922                   
    25           48 -717.50912024                    -717.49715183                    -717.50912024                   
    26           48 -717.51848254                    -717.50988137                    -717.51848254                   
    27           48 -717.55356087                    -717.53340137                    -717.55356087                   
    28           48 -717.50366414                    -717.49950884                    -717.50366414                   
    29           48 -717.49435092                    -717.49024866                    -717.49435092                   
    30           48 -717.49381148                    -717.48202812                    -717.49381148                   
    31           24 -717.52219140                    -717.51402152                    -717.52219140                   
    32           48 -717.49812301                    -717.48990136                    -717.49812301                   
    33           48 -717.47953329                    -717.47953329                    -717.47953329                   
    34           48 -717.53553782                    -717.53243419                    -717.53553782                   
    35           48 -717.51681074                    -717.52147483                    -717.51681074                   
    36           48 -717.48911741                    -717.47810297                    -717.48911741                   
    37           48 -717.49074702                    -717.48315423                    -717.49074702                   
    38           48 -717.51712501                    -717.50415390                    -717.51712501                   
    39           48 -717.51816125                    -717.51203918                    -717.51816125                   
    40           48 -717.52984201                    -717.51376869                    -717.52984201                   
    41           48 -717.52855550                    -717.52669049                    -717.52855550                   
    42           24 -717.51405330                    -717.50485337                    -717.51405330                   
    43           24 -717.50081322                    -717.49353475                    -717.50081322                   
    44           48 -717.46028074                    -717.45851840                    -717.46028074                   
    45           48 -717.50623266                    -717.49396273                    -717.50623266                   
    46           12 -717.44325269                    -717.44448249                    -717.44325269                   
    47           48 -717.45642138                    -717.45217811                    -717.45642138                   
    48           48 -717.46158097                    -717.45732648                    -717.46158097                   
    49           48 -717.48975140                    -717.47924205                    -717.48975140                   
    50           48 -717.47002852                    -717.46823864                    -717.47002852                   
    51           48 -717.48138354                    -717.46688765                    -717.48138354                   
    52           48 -717.47747485                    -717.47504116                    -717.47747485                   
    53           48 -717.48839059                    -717.47817800                    -717.48839059                   
    54           48 -717.49115078                    -717.48615205                    -717.49115078                   
    55           24 -717.43542033                    -717.43460277                    -717.43542033                   
    56           24 -717.42131124                    -717.42319798                    -717.42131124                   
    57           48 -717.52974489                    -717.51566595                    -717.52974489                   
    58           48 -717.51085240                    -717.50469186                    -717.51085240                   
    59           48 -717.50404522                    -717.49470478                    -717.50404522                   
    60           48 -717.49463445                    -717.48357993                    -717.49463445                   
    61           24 -717.50122480                    -717.49452621                    -717.50122480                   
    62           24 -717.54417198                    -717.52981661                    -717.54417198                   
    63           12 -717.50576961                    -717.49614204                    -717.50576961                   
    64           24 -717.48169463                    -717.47617075                    -717.48169463                   
    65           24 -717.53013744                    -717.51146677                    -717.53013744                   
    66            6 -717.52661972                    -717.48879496                    -717.52661972                   
    67           24 -717.48675581                    -717.47207344                    -717.48675581                   
    68           48 -717.50434706                    -717.49573085                    -717.50434706                   
    69           48 -717.51209389                    -717.48785314                    -717.51209389                   
    70           48 -717.52393847                    -717.49834460                    -717.52393847                   
    71           48 -717.48173999                    -717.46704758                    -717.48173999                   
    72           48 -717.54659812                    -717.53191073                    -717.54659812                   
    73           48 -717.49823212                    -717.47753292                    -717.49823212                   
    74           48 -717.52668129                    -717.49837942                    -717.52668129                   
    75           48 -717.48477107                    -717.46714685                    -717.48477107                   
    76            6 -717.44513943                    -717.44517451                    -717.44513943                   
    77           48 -717.46061031                    -717.46061031                    -717.46061031                   
    78           48 -717.47192905                    -717.47413491                    -717.47192905                   
    79           48 -717.43320846                    -717.44226403                    -717.43320846                   
    80           48 -717.49256641                    -717.48065699                    -717.49256641                   
    81           48 -717.50740813                    -717.49829323                    -717.50740813                   
    82           48 -717.45811823                    -717.46388005                    -717.45811823                   
    83           48 -717.49402913                    -717.48887174                    -717.49402913                   
    84           48 -717.43555626                    -717.43405812                    -717.43555626                   
    85           24 -717.46060531                    -717.45987069                    -717.46060531                   
    86           48 -717.45133955                    -717.45219595                    -717.45133955                   
    87           48 -717.50725614                    -717.50094774                    -717.50725614                   
    88           48 -717.43866512                    -717.44376476                    -717.43866512                   
    89           24 -717.46662822                    -717.46333485                    -717.46662822                   
    90           48 -717.42112855                    -717.42230062                    -717.42112855                   
    91           48 -717.49731194                    -717.48284428                    -717.49731194                   
    92           48 -717.45164212                    -717.44925371                    -717.45164212                   
    93           48 -717.49862529                    -717.48530158                    -717.49862529                   
    94           48 -717.44845884                    -717.45087597                    -717.44845884                   
    95           24 -717.43953734                    -717.43986116                    -717.43953734                   
    96           48 -717.43501617                    -717.43072664                    -717.43501617                   
    97           24 -717.42082365                    -717.42873973                    -717.42082365                   
    98           48 -717.48020851                    -717.46707372                    -717.48020851                   
    99           24 -717.47780680                    -717.46822130                    -717.47780680                   
   100           48 -717.49603712                    -717.49033856                    -717.49603712                   
   101           48 -717.46643471                    -717.45761140                    -717.46643471                   
   102           48 -717.47817328                    -717.46876289                    -717.47817328                   
   103           24 -717.42722669                    -717.42002210                    -717.42722669                   
   104           48 -717.50846509                    -717.49582042                    -717.50846509                   
   105           48 -717.45616224                    -717.44486907                    -717.45616224                   
   106           48 -717.50566596                    -717.49737839                    -717.50566596                   
   107           48 -717.45863302                    -717.44747146                    -717.45863302                   
   108           24 -717.45525148                    -717.44638279                    -717.45525148                   
   109           24 -717.43999713                    -717.43451905                    -717.43999713                   
   110           24 -717.55176321                    -717.53223047                    -717.55176321                   
   111           48 -717.48382450                    -717.47818085                    -717.48382450                   
   112           24 -717.52265359                    -717.51152360                    -717.52265359                   
   113           48 -717.46691886                    -717.45678601                    -717.46691886                   
   114           24 -717.51822919                    -717.50210050                    -717.51822919                   
   115           48 -717.51528662                    -717.49309704                    -717.51528662                   
   116           24 -717.45399103                    -717.44758085                    -717.45399103                   
   117           24 -717.42694640                    -717.42429810                    -717.42694640                   
   118           24 -717.41732477                    -717.41557445                    -717.41732477                   
   119           12 -717.48620104                    -717.47716214                    -717.48620104                   
   120           48 -717.49512758                    -717.50303559                    -717.49512758                   
   121           48 -717.48404151                    -717.46878103                    -717.48404151                   
   122           48 -717.50549117                    -717.48353916                    -717.50549117                   
   123           48 -717.46439752                    -717.47021089                    -717.46439752                   
   124           48 -717.47931809                    -717.49268738                    -717.47931809                   
   125           48 -717.52779938                    -717.50501704                    -717.52779938                   
   126           48 -717.50580499                    -717.48344736                    -717.50580499                   
   127           48 -717.46562595                    -717.47021443                    -717.46562595                   
   128           48 -717.52787995                    -717.51427701                    -717.52787995                   
   129           48 -717.48015536                    -717.47991544                    -717.48015536                   
   130           48 -717.45750738                    -717.45837942                    -717.45750738                   
   131           48 -717.51424909                    -717.49669485                    -717.51424909                   
   132           48 -717.51396924                    -717.50494878                    -717.51396924                   
   133           48 -717.45470148                    -717.45008851                    -717.45470148                   
   134           48 -717.48578037                    -717.47810088                    -717.48578037                   
   135           48 -717.49662606                    -717.49032901                    -717.49662606                   
   136           48 -717.47483838                    -717.46844364                    -717.47483838                   
   137           24 -717.46257003                    -717.47879514                    -717.46257003                   
   138           48 -717.47108343                    -717.48380589                    -717.47108343                   
   139           48 -717.49938681                    -717.49542019                    -717.49938681                   
   140           24 -717.43031168                    -717.45136396                    -717.43031168                   
   141           48 -717.50727944                    -717.49220877                    -717.50727944                   
   142           48 -717.46601457                    -717.47458698                    -717.46601457                   
   143           48 -717.46245257                    -717.47025731                    -717.46245257                   
   144           48 -717.50967420                    -717.50145787                    -717.50967420                   
   145           24 -717.46672239                    -717.46856019                    -717.46672239                   
   146           48 -717.44053453                    -717.43690864                    -717.44053453                   
   147           48 -717.43572637                    -717.43781139                    -717.43572637                   
   148           24 -717.49049958                    -717.49260315                    -717.49049958                   
   149           24 -717.44577932                    -717.43589348                    -717.44577932                   
   150           48 -717.44202437                    -717.44888275                    -717.44202437                   
   151           48 -717.50942365                    -717.48495287                    -717.50942365                   
   152           24 -717.47088342                    -717.45239223                    -717.47088342                   
   153           48 -717.49805421                    -717.48068678                    -717.49805421                   
   154           48 -717.45108612                    -717.44570421                    -717.45108612                   
   155           48 -717.45176049                    -717.45492884                    -717.45176049                   
   156           48 -717.50134114                    -717.47271535                    -717.50134114                   
   157           24 -717.43763247                    -717.42798049                    -717.43763247                   
   158           24 -717.47464828                    -717.45184102                    -717.47464828                   
   159           48 -717.50494553                    -717.49420620                    -717.50494553                   
   160           24 -717.43464489                    -717.45809872                    -717.43464489                   
   161           48 -717.47921101                    -717.47399575                    -717.47921101                   
   162           24 -717.41870847                    -717.43568930                    -717.41870847                   
   163           24 -717.42384445                    -717.43753936                    -717.42384445                   
   164           48 -717.51593559                    -717.49918194                    -717.51593559                   
   165           24 -717.53647597                    -717.50836550                    -717.53647597                   
   166           24 -717.51713262                    -717.48798523                    -717.51713262                   
   167           24 -717.51496873                    -717.49023811                    -717.51496873                   
   168           48 -717.54789555                    -717.53857232                    -717.54789555                   
   169           48 -717.48557452                    -717.50523187                    -717.48557452                   
   170           12 -717.54628810                    -717.56456934                    -717.54628810                   
   171           48 -717.52863164                    -717.53256286                    -717.52863164                   
   172           48 -717.56286384                    -717.56286384                    -717.56286384                   
   173           48 -717.51456194                    -717.52044272                    -717.51456194                   
   174           48 -717.51755519                    -717.51885407                    -717.51755519                   
   175           48 -717.52996051                    -717.53084734                    -717.52996051                   
   176           48 -717.54740140                    -717.54807350                    -717.54740140                   
   177           48 -717.48614063                    -717.49373942                    -717.48614063                   
   178           48 -717.48973506                    -717.50152150                    -717.48973506                   
   179           48 -717.54341363                    -717.54038778                    -717.54341363                   
   180           48 -717.52877340                    -717.50654009                    -717.52877340                   
   181           48 -717.50668767                    -717.49527305                    -717.50668767                   
   182           12 -717.54789487                    -717.52247510                    -717.54789487                   
   183           48 -717.56099219                    -717.54227690                    -717.56099219                   
   184           48 -717.51304606                    -717.49064153                    -717.51304606                   
   185           48 -717.51762376                    -717.50605034                    -717.51762376                   
   186           48 -717.52613106                    -717.50095738                    -717.52613106                   
   187           48 -717.53718503                    -717.51509207                    -717.53718503                   
   188           48 -717.49654204                    -717.48526874                    -717.49654204                   
   189           48 -717.53685768                    -717.51517356                    -717.53685768                   
   190           48 -717.49726892                    -717.48537238                    -717.49726892                   
   191           12 -717.54502070                    -717.51255193                    -717.54502070                   
   192           48 -717.48403114                    -717.47923571                    -717.48403114                   
   193           48 -717.55773126                    -717.52984032                    -717.55773126                   
   194           48 -717.50721445                    -717.49436738                    -717.50721445                   
   195           48 -717.51448231                    -717.49361377                    -717.51448231                   
   196           48 -717.52242899                    -717.50470770                    -717.52242899                   
   197           48 -717.52893578                    -717.51124941                    -717.52893578                   
   198           48 -717.52995790                    -717.50410093                    -717.52995790                   
   199           48 -717.49648472                    -717.48524196                    -717.49648472                   
   200           48 -717.49820224                    -717.47809118                    -717.49820224                   
   201           12 -717.46052941                    -717.46792630                    -717.46052941                   
   202           48 -717.51763367                    -717.51447908                    -717.51763367                   
   203           48 -717.46640790                    -717.46325026                    -717.46640790                   
   204           48 -717.47646574                    -717.47831683                    -717.47646574                   
   205           48 -717.48320342                    -717.47356611                    -717.48320342                   
   206           48 -717.53587413                    -717.52412832                    -717.53587413                   
   207           48 -717.44027420                    -717.44652241                    -717.44027420                   
   208           48 -717.44768080                    -717.45155169                    -717.44768080                   
   209           48 -717.47128777                    -717.46721345                    -717.47128777                   
   210           24 -717.54817852                    -717.53858401                    -717.54817852                   
   211           48 -717.53816347                    -717.52799250                    -717.53816347                   
   212           48 -717.53682864                    -717.52798242                    -717.53682864                   
   213           48 -717.47957960                    -717.48137044                    -717.47957960                   
   214           24 -717.50786847                    -717.49534540                    -717.50786847                   
   215           48 -717.47818971                    -717.48140713                    -717.47818971                   
   216           48 -717.51715395                    -717.51700595                    -717.51715395                   
   217           24 -717.50921043                    -717.51911044                    -717.50921043                   
   218           48 -717.54401000                    -717.52300464                    -717.54401000                   
   219           48 -717.49567421                    -717.50592488                    -717.49567421                   
   220           48 -717.50547135                    -717.50547135                    -717.50547135                   
   221           48 -717.49954149                    -717.49718104                    -717.49954149                   
   222           48 -717.48189985                    -717.49124575                    -717.48189985                   
   223           48 -717.51787602                    -717.50446418                    -717.51787602                   
   224           48 -717.46655696                    -717.46861178                    -717.46655696                   
   225           48 -717.52371810                    -717.52273514                    -717.52371810                   
   226           48 -717.45876850                    -717.47031019                    -717.45876850                   
   227           48 -717.54354663                    -717.53346748                    -717.54354663                   
   228           48 -717.49397966                    -717.49788881                    -717.49397966                   
   229           48 -717.51304040                    -717.51304040                    -717.51304040                   
   230           48 -717.49732997                    -717.48665522                    -717.49732997                   
   231           48 -717.46747572                    -717.47608917                    -717.46747572                   
   232           48 -717.52406966                    -717.51513489                    -717.52406966                   
   233           48 -717.51538205                    -717.50442281                    -717.51538205                   
   234           48 -717.48103508                    -717.49119527                    -717.48103508                   
   235           12 -717.40277110                    -717.40277110                    -717.40277110                   
   236           48 -717.48747426                    -717.47556640                    -717.48747426                   
   237           48 -717.44059978                    -717.45792616                    -717.44059978                   
   238           48 -717.45242265                    -717.45924406                    -717.45242265                   
   239           48 -717.44441252                    -717.44704945                    -717.44441252                   
   240           48 -717.41043462                    -717.43227938                    -717.41043462                   
   241           48 -717.50906519                    -717.49310092                    -717.50906519                   
   242           48 -717.42934897                    -717.43052413                    -717.42934897                   
   243           48 -717.42769724                    -717.44078104                    -717.42769724                   
   244           12 -717.52202915                    -717.51694856                    -717.52202915                   
   245           48 -717.54582234                    -717.52997645                    -717.54582234                   
   246           48 -717.49625537                    -717.49554669                    -717.49625537                   
   247           48 -717.51407839                    -717.51490598                    -717.51407839                   
   248           48 -717.50242389                    -717.48583309                    -717.50242389                   
   249           48 -717.51672123                    -717.51343375                    -717.51672123                   
   250           48 -717.51997555                    -717.50323203                    -717.51997555                   
   251           48 -717.47778199                    -717.46704200                    -717.47778199                   
   252           48 -717.49801970                    -717.49954563                    -717.49801970                   
   253           24 -717.50933515                    -717.49556666                    -717.50933515                   
   254           24 -717.46786758                    -717.49421592                    -717.46786758                   
