           4  substitutions in          24 sites
         254  configurations
     1            6      1      2      3      4
     2           48      1      2      3      5
     3           48      1      2      3      6
     4           48      1      2      3      9
     5           48      1      2      3     10
     6           48      1      2      3     11
     7           48      1      2      3     12
     8           48      1      2      3     13
     9           48      1      2      3     14
    10           48      1      2      3     15
    11           48      1      2      3     16
    12           12      1      2      5      6
    13           24      1      2      5      7
    14           24      1      2      5      8
    15           48      1      2      5      9
    16           48      1      2      5     10
    17           48      1      2      5     11
    18           48      1      2      5     12
    19           48      1      2      5     13
    20           48      1      2      5     14
    21           48      1      2      5     15
    22           48      1      2      5     16
    23           48      1      2      5     17
    24           48      1      2      5     18
    25           48      1      2      5     19
    26           48      1      2      5     20
    27           48      1      2      5     21
    28           48      1      2      5     22
    29           48      1      2      5     23
    30           48      1      2      5     24
    31           24      1      2      9     10
    32           48      1      2      9     11
    33           48      1      2      9     12
    34           48      1      2      9     13
    35           48      1      2      9     14
    36           48      1      2      9     15
    37           48      1      2      9     16
    38           48      1      2      9     17
    39           48      1      2      9     18
    40           48      1      2      9     19
    41           48      1      2      9     20
    42           24      1      2      9     21
    43           24      1      2      9     22
    44           48      1      2      9     23
    45           48      1      2      9     24
    46           12      1      2     11     12
    47           48      1      2     11     13
    48           48      1      2     11     14
    49           48      1      2     11     15
    50           48      1      2     11     16
    51           48      1      2     11     17
    52           48      1      2     11     18
    53           48      1      2     11     19
    54           48      1      2     11     20
    55           24      1      2     11     23
    56           24      1      2     11     24
    57           48      1      2     13     15
    58           48      1      2     13     16
    59           48      1      2     13     17
    60           48      1      2     13     18
    61           24      1      2     13     19
    62           24      1      2     13     20
    63           12      1      2     15     16
    64           24      1      2     15     17
    65           24      1      2     15     18
    66            6      1      3      5      7
    67           24      1      3      5      8
    68           48      1      3      5      9
    69           48      1      3      5     10
    70           48      1      3      5     11
    71           48      1      3      5     12
    72           48      1      3      5     13
    73           48      1      3      5     14
    74           48      1      3      5     15
    75           48      1      3      5     16
    76            6      1      3      6      8
    77           48      1      3      6      9
    78           48      1      3      6     10
    79           48      1      3      6     11
    80           48      1      3      6     12
    81           48      1      3      6     13
    82           48      1      3      6     14
    83           48      1      3      6     15
    84           48      1      3      6     16
    85           24      1      3      9     11
    86           48      1      3      9     12
    87           48      1      3      9     13
    88           48      1      3      9     14
    89           24      1      3      9     15
    90           48      1      3      9     16
    91           48      1      3      9     17
    92           48      1      3      9     18
    93           48      1      3      9     19
    94           48      1      3      9     20
    95           24      1      3      9     21
    96           48      1      3      9     22
    97           24      1      3      9     23
    98           48      1      3      9     24
    99           24      1      3     10     12
   100           48      1      3     10     13
   101           48      1      3     10     14
   102           48      1      3     10     15
   103           24      1      3     10     16
   104           48      1      3     10     17
   105           48      1      3     10     18
   106           48      1      3     10     19
   107           48      1      3     10     20
   108           24      1      3     10     22
   109           24      1      3     10     24
   110           24      1      3     13     15
   111           48      1      3     13     16
   112           24      1      3     13     17
   113           48      1      3     13     18
   114           24      1      3     13     19
   115           48      1      3     13     20
   116           24      1      3     14     16
   117           24      1      3     14     18
   118           24      1      3     14     20
   119           12      1      4      5      8
   120           48      1      4      5      9
   121           48      1      4      5     10
   122           48      1      4      5     11
   123           48      1      4      5     12
   124           48      1      4      5     13
   125           48      1      4      5     14
   126           48      1      4      5     15
   127           48      1      4      5     16
   128           48      1      4      5     17
   129           48      1      4      5     18
   130           48      1      4      5     19
   131           48      1      4      5     20
   132           48      1      4      5     21
   133           48      1      4      5     22
   134           48      1      4      5     23
   135           48      1      4      5     24
   136           48      1      4      9     11
   137           24      1      4      9     12
   138           48      1      4      9     13
   139           48      1      4      9     14
   140           24      1      4      9     16
   141           48      1      4      9     17
   142           48      1      4      9     18
   143           48      1      4      9     19
   144           48      1      4      9     20
   145           24      1      4      9     21
   146           48      1      4      9     22
   147           48      1      4      9     23
   148           24      1      4      9     24
   149           24      1      4     10     11
   150           48      1      4     10     13
   151           48      1      4     10     14
   152           24      1      4     10     15
   153           48      1      4     10     17
   154           48      1      4     10     18
   155           48      1      4     10     19
   156           48      1      4     10     20
   157           24      1      4     10     22
   158           24      1      4     10     23
   159           48      1      4     13     15
   160           24      1      4     13     16
   161           48      1      4     13     17
   162           24      1      4     13     18
   163           24      1      4     13     19
   164           48      1      4     13     20
   165           24      1      4     14     15
   166           24      1      4     14     17
   167           24      1      4     14     20
   168           48      1      5      9     11
   169           48      1      5      9     12
   170           12      1      5      9     13
   171           48      1      5      9     14
   172           48      1      5      9     17
   173           48      1      5      9     18
   174           48      1      5      9     19
   175           48      1      5      9     20
   176           48      1      5      9     21
   177           48      1      5      9     22
   178           48      1      5      9     23
   179           48      1      5      9     24
   180           48      1      5     10     11
   181           48      1      5     10     12
   182           12      1      5     10     14
   183           48      1      5     10     17
   184           48      1      5     10     18
   185           48      1      5     10     19
   186           48      1      5     10     20
   187           48      1      5     10     21
   188           48      1      5     10     22
   189           48      1      5     10     23
   190           48      1      5     10     24
   191           12      1      5     11     15
   192           48      1      5     11     16
   193           48      1      5     11     17
   194           48      1      5     11     18
   195           48      1      5     11     19
   196           48      1      5     11     20
   197           48      1      5     11     21
   198           48      1      5     11     22
   199           48      1      5     11     23
   200           48      1      5     11     24
   201           12      1      5     12     16
   202           48      1      5     12     17
   203           48      1      5     12     18
   204           48      1      5     12     19
   205           48      1      5     12     20
   206           48      1      5     12     21
   207           48      1      5     12     22
   208           48      1      5     12     23
   209           48      1      5     12     24
   210           24      1      5     17     19
   211           48      1      5     17     20
   212           48      1      5     17     24
   213           48      1      5     18     19
   214           24      1      5     18     20
   215           48      1      5     18     23
   216           48      1      6      9     12
   217           24      1      6      9     14
   218           48      1      6      9     17
   219           48      1      6      9     18
   220           48      1      6      9     19
   221           48      1      6      9     20
   222           48      1      6      9     21
   223           48      1      6      9     22
   224           48      1      6      9     23
   225           48      1      6      9     24
   226           48      1      6     10     11
   227           48      1      6     10     17
   228           48      1      6     10     18
   229           48      1      6     10     19
   230           48      1      6     10     20
   231           48      1      6     10     21
   232           48      1      6     10     22
   233           48      1      6     10     23
   234           48      1      6     10     24
   235           12      1      6     11     16
   236           48      1      6     11     17
   237           48      1      6     11     18
   238           48      1      6     11     19
   239           48      1      6     11     20
   240           48      1      6     11     21
   241           48      1      6     11     22
   242           48      1      6     11     23
   243           48      1      6     11     24
   244           12      1      6     12     15
   245           48      1      6     12     17
   246           48      1      6     12     18
   247           48      1      6     12     19
   248           48      1      6     12     20
   249           48      1      6     12     21
   250           48      1      6     12     22
   251           48      1      6     12     23
   252           48      1      6     12     24
   253           24      1      6     17     20
   254           24      1      6     18     19
