 -----------------------------------------------------------------
 Parameters calculated from data for 0, 1 and 2 substitutions:
 -----------------------------------------------------------------

 E0 (eV)
  -5261.6872999999996     

 dE1 (eV)
   1.1835999999993874        1.1835999999993874        1.1835999999993874        1.1835999999993874        1.1835999999993874        1.1835999999993874        1.1835999999993874        1.1835999999993874        1.2023999999992157        1.2023999999992157        1.2023999999992157        1.2023999999992157        1.2023999999992157        1.2023999999992157        1.2023999999992157        1.2023999999992157        1.2092999999995300        1.2092999999995300        1.2092999999995300        1.2092999999995300        1.2092999999995300        1.2092999999995300        1.2092999999995300        1.2092999999995300     

 dE2 (eV)
   0.0000000000000000        2.7000000000953150E-002   3.1000000000858563E-002   7.2400000000925502E-002   4.7600000000784348E-002   3.2600000000456930E-002   4.5100000001184526E-002   2.6400000000649015E-002   4.1100000001279113E-002   2.8900000001158332E-002   2.0000000013169483E-003   2.0900000001347507E-002   2.3000000001047738E-002   1.6800000001239823E-002   2.7400000000852742E-002   2.6200000001153967E-002  -1.6499999999723514E-002   1.6400000000430737E-002   1.0000000001127773E-002   3.9500000000771252E-002   9.2000000004190952E-003   4.0000000008149073E-003   4.6000000011190423E-003   1.8800000000737782E-002
   2.7000000000953150E-002   0.0000000000000000        7.2400000000925502E-002   3.1000000000858563E-002   3.2600000000456930E-002   4.7600000000784348E-002   2.6400000000649015E-002   4.5100000001184526E-002   2.8900000001158332E-002   4.1100000001279113E-002   2.0900000001347507E-002   2.0000000013169483E-003   1.6800000001239823E-002   2.3000000001047738E-002   2.6200000001153967E-002   2.7400000000852742E-002   1.6400000000430737E-002  -1.6499999999723514E-002   3.9500000000771252E-002   1.0000000001127773E-002   4.0000000008149073E-003   9.2000000004190952E-003   1.8800000000737782E-002   4.6000000011190423E-003
   3.1000000000858563E-002   7.2400000000925502E-002   0.0000000000000000        2.7000000000953150E-002   4.5100000001184526E-002   2.6400000000649015E-002   4.7600000000784348E-002   3.2600000000456930E-002   2.0000000013169483E-003   2.0900000001347507E-002   4.1100000001279113E-002   2.8900000001158332E-002   2.7400000000852742E-002   2.6200000001153967E-002   2.3000000001047738E-002   1.6800000001239823E-002   1.0000000001127773E-002   3.9500000000771252E-002  -1.6499999999723514E-002   1.6400000000430737E-002   4.6000000011190423E-003   1.8800000000737782E-002   9.2000000004190952E-003   4.0000000008149073E-003
   7.2400000000925502E-002   3.1000000000858563E-002   2.7000000000953150E-002   0.0000000000000000        2.6400000000649015E-002   4.5100000001184526E-002   3.2600000000456930E-002   4.7600000000784348E-002   2.0900000001347507E-002   2.0000000013169483E-003   2.8900000001158332E-002   4.1100000001279113E-002   2.6200000001153967E-002   2.7400000000852742E-002   1.6800000001239823E-002   2.3000000001047738E-002   3.9500000000771252E-002   1.0000000001127773E-002   1.6400000000430737E-002  -1.6499999999723514E-002   1.8800000000737782E-002   4.6000000011190423E-003   4.0000000008149073E-003   9.2000000004190952E-003
   4.7600000000784348E-002   3.2600000000456930E-002   4.5100000001184526E-002   2.6400000000649015E-002   0.0000000000000000        2.7000000000953150E-002   3.1000000000858563E-002   7.2400000000925502E-002   2.3000000001047738E-002   1.6800000001239823E-002   2.7400000000852742E-002   2.6200000001153967E-002   4.1100000001279113E-002   2.8900000001158332E-002   2.0000000013169483E-003   2.0900000001347507E-002   9.2000000004190952E-003   4.0000000008149073E-003   4.6000000011190423E-003   1.8800000000737782E-002  -1.6499999999723514E-002   1.6400000000430737E-002   1.0000000001127773E-002   3.9500000000771252E-002
   3.2600000000456930E-002   4.7600000000784348E-002   2.6400000000649015E-002   4.5100000001184526E-002   2.7000000000953150E-002   0.0000000000000000        7.2400000000925502E-002   3.1000000000858563E-002   1.6800000001239823E-002   2.3000000001047738E-002   2.6200000001153967E-002   2.7400000000852742E-002   2.8900000001158332E-002   4.1100000001279113E-002   2.0900000001347507E-002   2.0000000013169483E-003   4.0000000008149073E-003   9.2000000004190952E-003   1.8800000000737782E-002   4.6000000011190423E-003   1.6400000000430737E-002  -1.6499999999723514E-002   3.9500000000771252E-002   1.0000000001127773E-002
   4.5100000001184526E-002   2.6400000000649015E-002   4.7600000000784348E-002   3.2600000000456930E-002   3.1000000000858563E-002   7.2400000000925502E-002   0.0000000000000000        2.7000000000953150E-002   2.7400000000852742E-002   2.6200000001153967E-002   2.3000000001047738E-002   1.6800000001239823E-002   2.0000000013169483E-003   2.0900000001347507E-002   4.1100000001279113E-002   2.8900000001158332E-002   4.6000000011190423E-003   1.8800000000737782E-002   9.2000000004190952E-003   4.0000000008149073E-003   1.0000000001127773E-002   3.9500000000771252E-002  -1.6499999999723514E-002   1.6400000000430737E-002
   2.6400000000649015E-002   4.5100000001184526E-002   3.2600000000456930E-002   4.7600000000784348E-002   7.2400000000925502E-002   3.1000000000858563E-002   2.7000000000953150E-002   0.0000000000000000        2.6200000001153967E-002   2.7400000000852742E-002   1.6800000001239823E-002   2.3000000001047738E-002   2.0900000001347507E-002   2.0000000013169483E-003   2.8900000001158332E-002   4.1100000001279113E-002   1.8800000000737782E-002   4.6000000011190423E-003   4.0000000008149073E-003   9.2000000004190952E-003   3.9500000000771252E-002   1.0000000001127773E-002   1.6400000000430737E-002  -1.6499999999723514E-002
   0.0000000000000000        0.0000000000000000        0.0000000000000000        0.0000000000000000        0.0000000000000000        0.0000000000000000        0.0000000000000000        0.0000000000000000        0.0000000000000000        2.2600000001148146E-002  -3.7899999998444400E-002  -2.9699999999138527E-002  -1.9999999985884642E-003  -1.9899999998415296E-002  -2.8999999998632120E-002  -7.2999999983949238E-003  -2.8699999998934800E-002  -3.0799999999544525E-002  -2.3599999999532884E-002  -3.1599999999343709E-002  -3.2799999999042484E-002  -1.0999999999512511E-002  -1.4999999993960955E-003  -1.8799999998918793E-002
   0.0000000000000000        0.0000000000000000        0.0000000000000000        0.0000000000000000        0.0000000000000000        0.0000000000000000        0.0000000000000000        0.0000000000000000        2.2600000001148146E-002   0.0000000000000000       -2.9699999999138527E-002  -3.7899999998444400E-002  -1.9899999998415296E-002  -1.9999999985884642E-003  -7.2999999983949238E-003  -2.8999999998632120E-002  -3.0799999999544525E-002  -2.8699999998934800E-002  -3.1599999999343709E-002  -2.3599999999532884E-002  -1.0999999999512511E-002  -3.2799999999042484E-002  -1.8799999998918793E-002  -1.4999999993960955E-003
   0.0000000000000000        0.0000000000000000        0.0000000000000000        0.0000000000000000        0.0000000000000000        0.0000000000000000        0.0000000000000000        0.0000000000000000       -3.7899999998444400E-002  -2.9699999999138527E-002   0.0000000000000000        2.2600000001148146E-002  -2.8999999998632120E-002  -7.2999999983949238E-003  -1.9999999985884642E-003  -1.9899999998415296E-002  -2.3599999999532884E-002  -3.1599999999343709E-002  -2.8699999998934800E-002  -3.0799999999544525E-002  -1.4999999993960955E-003  -1.8799999998918793E-002  -3.2799999999042484E-002  -1.0999999999512511E-002
   0.0000000000000000        0.0000000000000000        0.0000000000000000        0.0000000000000000        0.0000000000000000        0.0000000000000000        0.0000000000000000        0.0000000000000000       -2.9699999999138527E-002  -3.7899999998444400E-002   2.2600000001148146E-002   0.0000000000000000       -7.2999999983949238E-003  -2.8999999998632120E-002  -1.9899999998415296E-002  -1.9999999985884642E-003  -3.1599999999343709E-002  -2.3599999999532884E-002  -3.0799999999544525E-002  -2.8699999998934800E-002  -1.8799999998918793E-002  -1.4999999993960955E-003  -1.0999999999512511E-002  -3.2799999999042484E-002
   0.0000000000000000        0.0000000000000000        0.0000000000000000        0.0000000000000000        0.0000000000000000        0.0000000000000000        0.0000000000000000        0.0000000000000000       -1.9999999985884642E-003  -1.9899999998415296E-002  -2.8999999998632120E-002  -7.2999999983949238E-003   0.0000000000000000        2.2600000001148146E-002  -3.7899999998444400E-002  -2.9699999999138527E-002  -3.2799999999042484E-002  -1.0999999999512511E-002  -1.4999999993960955E-003  -1.8799999998918793E-002  -2.8699999998934800E-002  -3.0799999999544525E-002  -2.3599999999532884E-002  -3.1599999999343709E-002
   0.0000000000000000        0.0000000000000000        0.0000000000000000        0.0000000000000000        0.0000000000000000        0.0000000000000000        0.0000000000000000        0.0000000000000000       -1.9899999998415296E-002  -1.9999999985884642E-003  -7.2999999983949238E-003  -2.8999999998632120E-002   2.2600000001148146E-002   0.0000000000000000       -2.9699999999138527E-002  -3.7899999998444400E-002  -1.0999999999512511E-002  -3.2799999999042484E-002  -1.8799999998918793E-002  -1.4999999993960955E-003  -3.0799999999544525E-002  -2.8699999998934800E-002  -3.1599999999343709E-002  -2.3599999999532884E-002
   0.0000000000000000        0.0000000000000000        0.0000000000000000        0.0000000000000000        0.0000000000000000        0.0000000000000000        0.0000000000000000        0.0000000000000000       -2.8999999998632120E-002  -7.2999999983949238E-003  -1.9999999985884642E-003  -1.9899999998415296E-002  -3.7899999998444400E-002  -2.9699999999138527E-002   0.0000000000000000        2.2600000001148146E-002  -1.4999999993960955E-003  -1.8799999998918793E-002  -3.2799999999042484E-002  -1.0999999999512511E-002  -2.3599999999532884E-002  -3.1599999999343709E-002  -2.8699999998934800E-002  -3.0799999999544525E-002
   0.0000000000000000        0.0000000000000000        0.0000000000000000        0.0000000000000000        0.0000000000000000        0.0000000000000000        0.0000000000000000        0.0000000000000000       -7.2999999983949238E-003  -2.8999999998632120E-002  -1.9899999998415296E-002  -1.9999999985884642E-003  -2.9699999999138527E-002  -3.7899999998444400E-002   2.2600000001148146E-002   0.0000000000000000       -1.8799999998918793E-002  -1.4999999993960955E-003  -1.0999999999512511E-002  -3.2799999999042484E-002  -3.1599999999343709E-002  -2.3599999999532884E-002  -3.0799999999544525E-002  -2.8699999998934800E-002
   0.0000000000000000        0.0000000000000000        0.0000000000000000        0.0000000000000000        0.0000000000000000        0.0000000000000000        0.0000000000000000        0.0000000000000000        0.0000000000000000        0.0000000000000000        0.0000000000000000        0.0000000000000000        0.0000000000000000        0.0000000000000000        0.0000000000000000        0.0000000000000000        0.0000000000000000       -2.9899999999543070E-002  -6.2699999999495049E-002  -4.9399999999877764E-002  -5.9399999999186548E-002  -5.2899999999681313E-002  -2.8899999999339343E-002  -6.5899999999601278E-002
   0.0000000000000000        0.0000000000000000        0.0000000000000000        0.0000000000000000        0.0000000000000000        0.0000000000000000        0.0000000000000000        0.0000000000000000        0.0000000000000000        0.0000000000000000        0.0000000000000000        0.0000000000000000        0.0000000000000000        0.0000000000000000        0.0000000000000000        0.0000000000000000       -2.9899999999543070E-002   0.0000000000000000       -4.9399999999877764E-002  -6.2699999999495049E-002  -5.2899999999681313E-002  -5.9399999999186548E-002  -6.5899999999601278E-002  -2.8899999999339343E-002
   0.0000000000000000        0.0000000000000000        0.0000000000000000        0.0000000000000000        0.0000000000000000        0.0000000000000000        0.0000000000000000        0.0000000000000000        0.0000000000000000        0.0000000000000000        0.0000000000000000        0.0000000000000000        0.0000000000000000        0.0000000000000000        0.0000000000000000        0.0000000000000000       -6.2699999999495049E-002  -4.9399999999877764E-002   0.0000000000000000       -2.9899999999543070E-002  -2.8899999999339343E-002  -6.5899999999601278E-002  -5.9399999999186548E-002  -5.2899999999681313E-002
   0.0000000000000000        0.0000000000000000        0.0000000000000000        0.0000000000000000        0.0000000000000000        0.0000000000000000        0.0000000000000000        0.0000000000000000        0.0000000000000000        0.0000000000000000        0.0000000000000000        0.0000000000000000        0.0000000000000000        0.0000000000000000        0.0000000000000000        0.0000000000000000       -4.9399999999877764E-002  -6.2699999999495049E-002  -2.9899999999543070E-002   0.0000000000000000       -6.5899999999601278E-002  -2.8899999999339343E-002  -5.2899999999681313E-002  -5.9399999999186548E-002
   0.0000000000000000        0.0000000000000000        0.0000000000000000        0.0000000000000000        0.0000000000000000        0.0000000000000000        0.0000000000000000        0.0000000000000000        0.0000000000000000        0.0000000000000000        0.0000000000000000        0.0000000000000000        0.0000000000000000        0.0000000000000000        0.0000000000000000        0.0000000000000000       -5.9399999999186548E-002  -5.2899999999681313E-002  -2.8899999999339343E-002  -6.5899999999601278E-002   0.0000000000000000       -2.9899999999543070E-002  -6.2699999999495049E-002  -4.9399999999877764E-002
   0.0000000000000000        0.0000000000000000        0.0000000000000000        0.0000000000000000        0.0000000000000000        0.0000000000000000        0.0000000000000000        0.0000000000000000        0.0000000000000000        0.0000000000000000        0.0000000000000000        0.0000000000000000        0.0000000000000000        0.0000000000000000        0.0000000000000000        0.0000000000000000       -5.2899999999681313E-002  -5.9399999999186548E-002  -6.5899999999601278E-002  -2.8899999999339343E-002  -2.9899999999543070E-002   0.0000000000000000       -4.9399999999877764E-002  -6.2699999999495049E-002
   0.0000000000000000        0.0000000000000000        0.0000000000000000        0.0000000000000000        0.0000000000000000        0.0000000000000000        0.0000000000000000        0.0000000000000000        0.0000000000000000        0.0000000000000000        0.0000000000000000        0.0000000000000000        0.0000000000000000        0.0000000000000000        0.0000000000000000        0.0000000000000000       -2.8899999999339343E-002  -6.5899999999601278E-002  -5.9399999999186548E-002  -5.2899999999681313E-002  -6.2699999999495049E-002  -4.9399999999877764E-002   0.0000000000000000       -2.9899999999543070E-002
   0.0000000000000000        0.0000000000000000        0.0000000000000000        0.0000000000000000        0.0000000000000000        0.0000000000000000        0.0000000000000000        0.0000000000000000        0.0000000000000000        0.0000000000000000        0.0000000000000000        0.0000000000000000        0.0000000000000000        0.0000000000000000        0.0000000000000000        0.0000000000000000       -6.5899999999601278E-002  -2.8899999999339343E-002  -5.2899999999681313E-002  -5.9399999999186548E-002  -4.9399999999877764E-002  -6.2699999999495049E-002  -2.9899999999543070E-002   0.0000000000000000     


 mu1 =    1.0140690139215249      mu2 =  -0.32674257848233323     


 Zeroth-, first-, and second-order contribution by configuration for           20 substitutions:

    m     E0(eV)             dE1(eV)         dE2(eV)      E[total] (eV)
  --------------------------------------------------------------------------
    1    -5261.687300       24.366050        0.617413    -5236.703837
    2    -5261.687300       24.366050        0.619079    -5236.702171
    3    -5261.687300       24.366050        0.625189    -5236.696060
    4    -5261.687300       24.366050        0.621105    -5236.700145
    5    -5261.687300       24.366050        0.626006    -5236.695244
    6    -5261.687300       24.346986        0.424079    -5236.916235
    7    -5261.687300       24.346986        0.417904    -5236.922410
    8    -5261.687300       24.346986        0.426693    -5236.913621
    9    -5261.687300       24.346986        0.430679    -5236.909635
   10    -5261.687300       24.346986        0.425648    -5236.914667
   11    -5261.687300       24.346986        0.426040    -5236.914275
   12    -5261.687300       24.346986        0.422576    -5236.917738
   13    -5261.687300       24.346986        0.424602    -5236.915712
   14    -5261.687300       24.339989        0.331252    -5237.016060
   15    -5261.687300       24.339989        0.321613    -5237.025699
   16    -5261.687300       24.339989        0.323704    -5237.023607
   17    -5261.687300       24.339989        0.312954    -5237.034357
   18    -5261.687300       24.339989        0.328670    -5237.018641
   19    -5261.687300       24.339989        0.324031    -5237.023281
   20    -5261.687300       24.339989        0.323835    -5237.023477
   21    -5261.687300       24.339989        0.325534    -5237.021778
   22    -5261.687300       24.366050        0.632574    -5236.688676
   23    -5261.687300       24.366050        0.634109    -5236.687140
   24    -5261.687300       24.366050        0.620582    -5236.700668
   25    -5261.687300       24.346986        0.424798    -5236.915516
   26    -5261.687300       24.346986        0.426824    -5236.913490
   27    -5261.687300       24.346986        0.438750    -5236.901564
   28    -5261.687300       24.346986        0.439142    -5236.901172
   29    -5261.687300       24.346986        0.428752    -5236.911563
   30    -5261.687300       24.346986        0.432738    -5236.907576
   31    -5261.687300       24.346986        0.437018    -5236.903296
   32    -5261.687300       24.346986        0.430843    -5236.909471
   33    -5261.687300       24.339989        0.339093    -5237.008218
   34    -5261.687300       24.339989        0.340793    -5237.006519
   35    -5261.687300       24.339989        0.324390    -5237.022921
   36    -5261.687300       24.339989        0.319750    -5237.027561
   37    -5261.687300       24.339989        0.343145    -5237.004166
   38    -5261.687300       24.339989        0.332395    -5237.014916
   39    -5261.687300       24.339989        0.331154    -5237.016158
   40    -5261.687300       24.339989        0.321515    -5237.025797
   41    -5261.687300       24.366050        0.638259    -5236.682991
   42    -5261.687300       24.346986        0.426203    -5236.914111
   43    -5261.687300       24.346986        0.426595    -5236.913719
   44    -5261.687300       24.346986        0.443030    -5236.897284
   45    -5261.687300       24.346986        0.445056    -5236.895258
   46    -5261.687300       24.346986        0.444370    -5236.895944
   47    -5261.687300       24.346986        0.438194    -5236.902120
   48    -5261.687300       24.346986        0.427085    -5236.913229
   49    -5261.687300       24.346986        0.431071    -5236.909243
   50    -5261.687300       24.339989        0.343439    -5237.003872
   51    -5261.687300       24.339989        0.338799    -5237.008512
   52    -5261.687300       24.339989        0.325730    -5237.021582
   53    -5261.687300       24.339989        0.327429    -5237.019883
   54    -5261.687300       24.339989        0.337329    -5237.009982
   55    -5261.687300       24.339989        0.327690    -5237.019621
   56    -5261.687300       24.339989        0.342655    -5237.004656
   57    -5261.687300       24.339989        0.331905    -5237.015406
   58    -5261.687300       24.327921        0.215846    -5237.143533
   59    -5261.687300       24.327921        0.251004    -5237.108375
   60    -5261.687300       24.327921        0.248324    -5237.111054
   61    -5261.687300       24.327921        0.233752    -5237.125627
   62    -5261.687300       24.327921        0.239600    -5237.119778
   63    -5261.687300       24.327921        0.238065    -5237.121314
   64    -5261.687300       24.327921        0.230974    -5237.128404
   65    -5261.687300       24.320924        0.142394    -5237.223981
   66    -5261.687300       24.320924        0.143081    -5237.223295
   67    -5261.687300       24.320924        0.124522    -5237.241854
   68    -5261.687300       24.320924        0.127136    -5237.239240
   69    -5261.687300       24.320924        0.139388    -5237.226987
   70    -5261.687300       24.320924        0.132265    -5237.234110
   71    -5261.687300       24.320924        0.125829    -5237.240547
   72    -5261.687300       24.320924        0.131481    -5237.234895
   73    -5261.687300       24.327921        0.246625    -5237.112753
   74    -5261.687300       24.327921        0.257963    -5237.101415
   75    -5261.687300       24.327921        0.250873    -5237.108506
   76    -5261.687300       24.327921        0.244632    -5237.114747
   77    -5261.687300       24.327921        0.250481    -5237.108898
   78    -5261.687300       24.320924        0.156118    -5237.210258
   79    -5261.687300       24.320924        0.158732    -5237.207644
   80    -5261.687300       24.320924        0.141578    -5237.224798
   81    -5261.687300       24.320924        0.142264    -5237.224112
   82    -5261.687300       24.320924        0.144551    -5237.221825
   83    -5261.687300       24.320924        0.150204    -5237.216172
   84    -5261.687300       24.320924        0.151445    -5237.214931
   85    -5261.687300       24.320924        0.144322    -5237.222054
   86    -5261.687300       24.327921        0.235581    -5237.123797
   87    -5261.687300       24.327921        0.250840    -5237.108538
   88    -5261.687300       24.327921        0.248161    -5237.111218
   89    -5261.687300       24.320924        0.153602    -5237.212774
   90    -5261.687300       24.320924        0.146479    -5237.219897
   91    -5261.687300       24.320924        0.127168    -5237.239208
   92    -5261.687300       24.320924        0.132821    -5237.233555
   93    -5261.687300       24.320924        0.147916    -5237.218459
   94    -5261.687300       24.320924        0.148603    -5237.217773
   95    -5261.687300       24.320924        0.142917    -5237.223459
   96    -5261.687300       24.320924        0.145531    -5237.220845
   97    -5261.687300       24.327921        0.226563    -5237.132815
   98    -5261.687300       24.320924        0.138866    -5237.227510
   99    -5261.687300       24.320924        0.144518    -5237.221858
  100    -5261.687300       24.320924        0.132886    -5237.233490
  101    -5261.687300       24.320924        0.125763    -5237.240613
  102    -5261.687300       24.320924        0.141741    -5237.224635
  103    -5261.687300       24.320924        0.144355    -5237.222021
  104    -5261.687300       24.320924        0.140075    -5237.226301
  105    -5261.687300       24.320924        0.140761    -5237.225615
  106    -5261.687300       24.313927        0.052573    -5237.320800
  107    -5261.687300       24.313927        0.047084    -5237.326289
  108    -5261.687300       24.313927        0.042738    -5237.330635
  109    -5261.687300       24.313927        0.057866    -5237.315507
  110    -5261.687300       24.313927        0.055742    -5237.317631
  111    -5261.687300       24.313927        0.044568    -5237.328805
  112    -5261.687300       24.313927        0.056657    -5237.316716
  113    -5261.687300       24.313927        0.020160    -5237.353213
  114    -5261.687300       24.313927        0.031694    -5237.341679
  115    -5261.687300       24.313927        0.043784    -5237.329589
  116    -5261.687300       24.313927        0.038327    -5237.335046
  117    -5261.687300       24.313927        0.036203    -5237.337170
  118    -5261.687300       24.313927        0.043882    -5237.329491
  119    -5261.687300       24.313927        0.051266    -5237.322107
  120    -5261.687300       24.313927        0.046920    -5237.326453
  121    -5261.687300       24.313927        0.037216    -5237.336157
  122    -5261.687300       24.366050        0.621791    -5236.699459
  123    -5261.687300       24.366050        0.619275    -5236.701975
  124    -5261.687300       24.346986        0.428196    -5236.912118
  125    -5261.687300       24.346986        0.428033    -5236.912281
  126    -5261.687300       24.346986        0.426758    -5236.913556
  127    -5261.687300       24.346986        0.424961    -5236.915353
  128    -5261.687300       24.346986        0.419897    -5236.920417
  129    -5261.687300       24.346986        0.426301    -5236.914013
  130    -5261.687300       24.346986        0.432673    -5236.907642
  131    -5261.687300       24.346986        0.428915    -5236.911399
  132    -5261.687300       24.339989        0.335793    -5237.011518
  133    -5261.687300       24.339989        0.317104    -5237.030208
  134    -5261.687300       24.339989        0.337296    -5237.010015
  135    -5261.687300       24.339989        0.312268    -5237.035043
  136    -5261.687300       24.339989        0.337558    -5237.009754
  137    -5261.687300       24.339989        0.323867    -5237.023444
  138    -5261.687300       24.339989        0.328899    -5237.018412
  139    -5261.687300       24.339989        0.316319    -5237.030992
  140    -5261.687300       24.366050        0.643814    -5236.677436
  141    -5261.687300       24.346986        0.441233    -5236.899081
  142    -5261.687300       24.346986        0.437018    -5236.903296
  143    -5261.687300       24.346986        0.438162    -5236.902152
  144    -5261.687300       24.346986        0.435581    -5236.904734
  145    -5261.687300       24.346986        0.434894    -5236.905420
  146    -5261.687300       24.346986        0.433326    -5236.906988
  147    -5261.687300       24.346986        0.437508    -5236.902806
  148    -5261.687300       24.346986        0.446102    -5236.894213
  149    -5261.687300       24.339989        0.348504    -5236.998808
  150    -5261.687300       24.339989        0.326416    -5237.020895
  151    -5261.687300       24.339989        0.343668    -5237.003643
  152    -5261.687300       24.339989        0.327919    -5237.019392
  153    -5261.687300       24.339989        0.337819    -5237.009492
  154    -5261.687300       24.339989        0.345628    -5237.001683
  155    -5261.687300       24.339989        0.330271    -5237.017040
  156    -5261.687300       24.339989        0.336970    -5237.010342
  157    -5261.687300       24.327921        0.229929    -5237.129450
  158    -5261.687300       24.327921        0.251886    -5237.107493
  159    -5261.687300       24.327921        0.247017    -5237.112361
  160    -5261.687300       24.327921        0.237771    -5237.121608
  161    -5261.687300       24.327921        0.246037    -5237.113342
  162    -5261.687300       24.327921        0.246593    -5237.112786
  163    -5261.687300       24.327921        0.241920    -5237.117459
  164    -5261.687300       24.320924        0.151968    -5237.214408
  165    -5261.687300       24.320924        0.132265    -5237.234110
  166    -5261.687300       24.320924        0.150302    -5237.216074
  167    -5261.687300       24.320924        0.132527    -5237.233849
  168    -5261.687300       24.320924        0.146675    -5237.219701
  169    -5261.687300       24.320924        0.136611    -5237.229765
  170    -5261.687300       24.320924        0.136448    -5237.229928
  171    -5261.687300       24.320924        0.139160    -5237.227216
  172    -5261.687300       24.327921        0.247508    -5237.111871
  173    -5261.687300       24.327921        0.241430    -5237.117949
  174    -5261.687300       24.327921        0.237999    -5237.121379
  175    -5261.687300       24.327921        0.237313    -5237.122066
  176    -5261.687300       24.327921        0.246821    -5237.112557
  177    -5261.687300       24.320924        0.150465    -5237.215911
  178    -5261.687300       24.320924        0.129390    -5237.236986
  179    -5261.687300       24.320924        0.150726    -5237.215649
  180    -5261.687300       24.320924        0.127724    -5237.238652
  181    -5261.687300       24.320924        0.137363    -5237.229013
  182    -5261.687300       24.320924        0.141545    -5237.224831
  183    -5261.687300       24.320924        0.139911    -5237.226465
  184    -5261.687300       24.320924        0.131318    -5237.235058
  185    -5261.687300       24.327921        0.229765    -5237.129613
  186    -5261.687300       24.327921        0.247115    -5237.112263
  187    -5261.687300       24.327921        0.246854    -5237.112525
  188    -5261.687300       24.320924        0.150922    -5237.215453
  189    -5261.687300       24.320924        0.123411    -5237.242965
  190    -5261.687300       24.320924        0.140695    -5237.225680
  191    -5261.687300       24.320924        0.125959    -5237.240417
  192    -5261.687300       24.320924        0.142950    -5237.223426
  193    -5261.687300       24.320924        0.140695    -5237.225680
  194    -5261.687300       24.320924        0.141283    -5237.225092
  195    -5261.687300       24.320924        0.140957    -5237.225419
  196    -5261.687300       24.327921        0.251951    -5237.107428
  197    -5261.687300       24.320924        0.146217    -5237.220159
  198    -5261.687300       24.320924        0.132952    -5237.233424
  199    -5261.687300       24.320924        0.148766    -5237.217610
  200    -5261.687300       24.320924        0.122725    -5237.243651
  201    -5261.687300       24.320924        0.146054    -5237.220322
  202    -5261.687300       24.320924        0.142427    -5237.223949
  203    -5261.687300       24.320924        0.146315    -5237.220060
  204    -5261.687300       24.320924        0.140761    -5237.225615
  205    -5261.687300       24.313927        0.035059    -5237.338313
  206    -5261.687300       24.313927        0.066165    -5237.307208
  207    -5261.687300       24.313927        0.041431    -5237.331942
  208    -5261.687300       24.313927        0.058454    -5237.314919
  209    -5261.687300       24.313927        0.053390    -5237.319983
  210    -5261.687300       24.313927        0.048489    -5237.324884
  211    -5261.687300       24.313927        0.057637    -5237.315735
  212    -5261.687300       24.313927        0.025388    -5237.347985
  213    -5261.687300       24.313927        0.035942    -5237.337431
  214    -5261.687300       24.313927        0.035125    -5237.338248
  215    -5261.687300       24.313927        0.040189    -5237.333184
  216    -5261.687300       24.313927        0.025159    -5237.348214
  217    -5261.687300       24.313927        0.039242    -5237.334131
  218    -5261.687300       24.313927        0.052900    -5237.320473
  219    -5261.687300       24.313927        0.045613    -5237.327760
  220    -5261.687300       24.313927        0.047018    -5237.326355
  221    -5261.687300       24.366050        0.606957    -5236.714293
  222    -5261.687300       24.346986        0.414604    -5236.925711
  223    -5261.687300       24.346986        0.426791    -5236.913523
  224    -5261.687300       24.346986        0.423328    -5236.916987
  225    -5261.687300       24.346986        0.413558    -5236.926756
  226    -5261.687300       24.346986        0.412872    -5236.927442
  227    -5261.687300       24.346986        0.418492    -5236.921822
  228    -5261.687300       24.346986        0.427281    -5236.913033
  229    -5261.687300       24.346986        0.419472    -5236.920842
  230    -5261.687300       24.339989        0.318737    -5237.028574
  231    -5261.687300       24.339989        0.319326    -5237.027986
  232    -5261.687300       24.339989        0.319129    -5237.028182
  233    -5261.687300       24.339989        0.315601    -5237.031711
  234    -5261.687300       24.339989        0.325501    -5237.021810
  235    -5261.687300       24.339989        0.321090    -5237.026221
  236    -5261.687300       24.339989        0.323181    -5237.024130
  237    -5261.687300       24.339989        0.307203    -5237.040108
  238    -5261.687300       24.366050        0.604539    -5236.716711
  239    -5261.687300       24.346986        0.415421    -5236.924894
  240    -5261.687300       24.346986        0.423556    -5236.916758
  241    -5261.687300       24.346986        0.422511    -5236.917803
  242    -5261.687300       24.346986        0.411957    -5236.928357
  243    -5261.687300       24.346986        0.415649    -5236.924665
  244    -5261.687300       24.346986        0.413297    -5236.927018
  245    -5261.687300       24.346986        0.419897    -5236.920417
  246    -5261.687300       24.346986        0.424439    -5236.915876
  247    -5261.687300       24.339989        0.319227    -5237.028084
  248    -5261.687300       24.339989        0.316418    -5237.030894
  249    -5261.687300       24.339989        0.313281    -5237.034031
  250    -5261.687300       24.339989        0.319031    -5237.028280
  251    -5261.687300       24.339989        0.313542    -5237.033769
  252    -5261.687300       24.339989        0.330631    -5237.016680
  253    -5261.687300       24.339989        0.312333    -5237.034978
  254    -5261.687300       24.339989        0.315633    -5237.031678
  255    -5261.687300       24.327921        0.216402    -5237.142977
  256    -5261.687300       24.327921        0.236170    -5237.123209
  257    -5261.687300       24.327921        0.223329    -5237.136050
  258    -5261.687300       24.327921        0.218460    -5237.140919
  259    -5261.687300       24.327921        0.225942    -5237.133436
  260    -5261.687300       24.327921        0.228916    -5237.130463
  261    -5261.687300       24.327921        0.220192    -5237.139187
  262    -5261.687300       24.320924        0.122626    -5237.243749
  263    -5261.687300       24.320924        0.122202    -5237.244174
  264    -5261.687300       24.320924        0.119849    -5237.246527
  265    -5261.687300       24.320924        0.123574    -5237.242802
  266    -5261.687300       24.320924        0.122332    -5237.244043
  267    -5261.687300       24.320924        0.121548    -5237.244828
  268    -5261.687300       24.320924        0.118444    -5237.247932
  269    -5261.687300       24.320924        0.117758    -5237.248618
  270    -5261.687300       24.327921        0.243652    -5237.115727
  271    -5261.687300       24.327921        0.234470    -5237.124908
  272    -5261.687300       24.327921        0.230255    -5237.129123
  273    -5261.687300       24.327921        0.231987    -5237.127391
  274    -5261.687300       24.327921        0.237444    -5237.121935
  275    -5261.687300       24.320924        0.133474    -5237.232901
  276    -5261.687300       24.320924        0.131677    -5237.234699
  277    -5261.687300       24.320924        0.132625    -5237.233751
  278    -5261.687300       24.320924        0.131122    -5237.235254
  279    -5261.687300       24.320924        0.125371    -5237.241005
  280    -5261.687300       24.320924        0.138833    -5237.227543
  281    -5261.687300       24.320924        0.134259    -5237.232117
  282    -5261.687300       24.320924        0.122267    -5237.244109
  283    -5261.687300       24.327921        0.216238    -5237.143140
  284    -5261.687300       24.327921        0.236006    -5237.123373
  285    -5261.687300       24.327921        0.231693    -5237.127686
  286    -5261.687300       24.320924        0.128148    -5237.238227
  287    -5261.687300       24.320924        0.119915    -5237.246461
  288    -5261.687300       24.320924        0.116810    -5237.249565
  289    -5261.687300       24.320924        0.123574    -5237.242802
  290    -5261.687300       24.320924        0.125175    -5237.241201
  291    -5261.687300       24.320924        0.132200    -5237.234176
  292    -5261.687300       24.320924        0.129848    -5237.236528
  293    -5261.687300       24.320924        0.126123    -5237.240253
  294    -5261.687300       24.327921        0.234961    -5237.124418
  295    -5261.687300       24.320924        0.122659    -5237.243717
  296    -5261.687300       24.320924        0.128671    -5237.237705
  297    -5261.687300       24.320924        0.124097    -5237.242279
  298    -5261.687300       24.320924        0.119555    -5237.246821
  299    -5261.687300       24.320924        0.127495    -5237.238881
  300    -5261.687300       24.320924        0.133148    -5237.233228
  301    -5261.687300       24.320924        0.134095    -5237.232281
  302    -5261.687300       24.320924        0.125142    -5237.241233
  303    -5261.687300       24.313927        0.021532    -5237.351841
  304    -5261.687300       24.313927        0.032249    -5237.341123
  305    -5261.687300       24.313927        0.029015    -5237.344358
  306    -5261.687300       24.313927        0.030648    -5237.342724
  307    -5261.687300       24.313927        0.034863    -5237.338509
  308    -5261.687300       24.313927        0.027022    -5237.346351
  309    -5261.687300       24.313927        0.032772    -5237.340601
  310    -5261.687300       24.313927        0.026793    -5237.346580
  311    -5261.687300       24.313927        0.027414    -5237.345959
  312    -5261.687300       24.313927        0.035876    -5237.337497
  313    -5261.687300       24.313927        0.038000    -5237.335373
  314    -5261.687300       24.313927        0.019572    -5237.353801
  315    -5261.687300       24.313927        0.025715    -5237.347658
  316    -5261.687300       24.313927        0.036432    -5237.336941
  317    -5261.687300       24.313927        0.025747    -5237.347626
  318    -5261.687300       24.313927        0.038425    -5237.334948
  319    -5261.687300       24.327921        0.218983    -5237.140396
  320    -5261.687300       24.327921        0.244077    -5237.115302
  321    -5261.687300       24.327921        0.235614    -5237.123765
  322    -5261.687300       24.327921        0.221009    -5237.138370
  323    -5261.687300       24.327921        0.232869    -5237.126509
  324    -5261.687300       24.327921        0.241169    -5237.118210
  325    -5261.687300       24.327921        0.228295    -5237.131084
  326    -5261.687300       24.320924        0.139944    -5237.226432
  327    -5261.687300       24.320924        0.131579    -5237.234797
  328    -5261.687300       24.320924        0.131122    -5237.235254
  329    -5261.687300       24.320924        0.119457    -5237.246919
  330    -5261.687300       24.320924        0.141283    -5237.225092
  331    -5261.687300       24.320924        0.125110    -5237.241266
  332    -5261.687300       24.320924        0.123901    -5237.242475
  333    -5261.687300       24.320924        0.115275    -5237.251101
  334    -5261.687300       24.327921        0.247409    -5237.111969
  335    -5261.687300       24.327921        0.244305    -5237.115073
  336    -5261.687300       24.327921        0.233033    -5237.126346
  337    -5261.687300       24.327921        0.240090    -5237.119288
  338    -5261.687300       24.327921        0.241397    -5237.117981
  339    -5261.687300       24.320924        0.146642    -5237.219734
  340    -5261.687300       24.320924        0.136905    -5237.229471
