 -----------------------------------------------------------------
 Parameters calculated from data for 0, 1 and 2 substitutions:
 -----------------------------------------------------------------

 E0 (eV)
  -3088.9983544900001     

 dE1 (eV)
   6.8227511800000684        6.8227511800000684        6.8227511800000684        6.8227511800000684        6.8227511800000684        6.8227511800000684        6.8227511800000684        6.8227511800000684        6.8162037100000816        6.8162037100000816        6.8162037100000816        6.8162037100000816        6.8162037100000816        6.8162037100000816        6.8162037100000816        6.8162037100000816        6.8264720900001521        6.8264720900001521        6.8264720900001521        6.8264720900001521        6.8264720900001521        6.8264720900001521        6.8264720900001521        6.8264720900001521     

 dE2 (eV)
   0.0000000000000000        7.6259760000084498E-002  -2.2673049999866635E-002   8.7488600001961458E-003  -4.5727940000233502E-002   2.9796589999932621E-002   6.1115550000067742E-002  -9.3472860000019864E-002   1.0334730000067793E-002  -1.7844340000010561E-002   3.6648899999818241E-003   1.8291070000032050E-002  -2.3641090000182885E-002   1.3694249999844033E-002  0.17835942000010618        2.9581759999928181E-002  0.16063127000006716       -2.1445050000238552E-002   8.7097199998424912E-003   2.7949759999955859E-002  -4.1413120000015624E-002   1.5919269999812968E-002   5.6281029999809107E-002  -6.1447370000223600E-002
   7.6259760000084498E-002   0.0000000000000000        8.7488600001961458E-003  -2.2673049999866635E-002   2.9796589999932621E-002  -4.5727940000233502E-002  -9.3472860000019864E-002   6.1115550000067742E-002  -1.7844340000010561E-002   1.0334730000067793E-002   1.8291070000032050E-002   3.6648899999818241E-003   1.3694249999844033E-002  -2.3641090000182885E-002   2.9581759999928181E-002  0.17835942000010618       -2.1445050000238552E-002  0.16063127000006716        2.7949759999955859E-002   8.7097199998424912E-003   1.5919269999812968E-002  -4.1413120000015624E-002  -6.1447370000223600E-002   5.6281029999809107E-002
  -2.2673049999866635E-002   8.7488600001961458E-003   0.0000000000000000        7.6259760000084498E-002   6.1115550000067742E-002  -9.3472860000019864E-002  -4.5727940000233502E-002   2.9796589999932621E-002   3.6648899999818241E-003   1.8291070000032050E-002   1.0334730000067793E-002  -1.7844340000010561E-002  0.17835942000010618        2.9581759999928181E-002  -2.3641090000182885E-002   1.3694249999844033E-002   8.7097199998424912E-003   2.7949759999955859E-002  0.16063127000006716       -2.1445050000238552E-002   5.6281029999809107E-002  -6.1447370000223600E-002  -4.1413120000015624E-002   1.5919269999812968E-002
   8.7488600001961458E-003  -2.2673049999866635E-002   7.6259760000084498E-002   0.0000000000000000       -9.3472860000019864E-002   6.1115550000067742E-002   2.9796589999932621E-002  -4.5727940000233502E-002   1.8291070000032050E-002   3.6648899999818241E-003  -1.7844340000010561E-002   1.0334730000067793E-002   2.9581759999928181E-002  0.17835942000010618        1.3694249999844033E-002  -2.3641090000182885E-002   2.7949759999955859E-002   8.7097199998424912E-003  -2.1445050000238552E-002  0.16063127000006716       -6.1447370000223600E-002   5.6281029999809107E-002   1.5919269999812968E-002  -4.1413120000015624E-002
  -4.5727940000233502E-002   2.9796589999932621E-002   6.1115550000067742E-002  -9.3472860000019864E-002   0.0000000000000000        7.6259760000084498E-002  -2.2673049999866635E-002   8.7488600001961458E-003  -2.3641090000182885E-002   1.3694249999844033E-002  0.17835942000010618        2.9581759999928181E-002   1.0334730000067793E-002  -1.7844340000010561E-002   3.6648899999818241E-003   1.8291070000032050E-002  -4.1413120000015624E-002   1.5919269999812968E-002   5.6281029999809107E-002  -6.1447370000223600E-002  0.16063127000006716       -2.1445050000238552E-002   8.7097199998424912E-003   2.7949759999955859E-002
   2.9796589999932621E-002  -4.5727940000233502E-002  -9.3472860000019864E-002   6.1115550000067742E-002   7.6259760000084498E-002   0.0000000000000000        8.7488600001961458E-003  -2.2673049999866635E-002   1.3694249999844033E-002  -2.3641090000182885E-002   2.9581759999928181E-002  0.17835942000010618       -1.7844340000010561E-002   1.0334730000067793E-002   1.8291070000032050E-002   3.6648899999818241E-003   1.5919269999812968E-002  -4.1413120000015624E-002  -6.1447370000223600E-002   5.6281029999809107E-002  -2.1445050000238552E-002  0.16063127000006716        2.7949759999955859E-002   8.7097199998424912E-003
   6.1115550000067742E-002  -9.3472860000019864E-002  -4.5727940000233502E-002   2.9796589999932621E-002  -2.2673049999866635E-002   8.7488600001961458E-003   0.0000000000000000        7.6259760000084498E-002  0.17835942000010618        2.9581759999928181E-002  -2.3641090000182885E-002   1.3694249999844033E-002   3.6648899999818241E-003   1.8291070000032050E-002   1.0334730000067793E-002  -1.7844340000010561E-002   5.6281029999809107E-002  -6.1447370000223600E-002  -4.1413120000015624E-002   1.5919269999812968E-002   8.7097199998424912E-003   2.7949759999955859E-002  0.16063127000006716       -2.1445050000238552E-002
  -9.3472860000019864E-002   6.1115550000067742E-002   2.9796589999932621E-002  -4.5727940000233502E-002   8.7488600001961458E-003  -2.2673049999866635E-002   7.6259760000084498E-002   0.0000000000000000        2.9581759999928181E-002  0.17835942000010618        1.3694249999844033E-002  -2.3641090000182885E-002   1.8291070000032050E-002   3.6648899999818241E-003  -1.7844340000010561E-002   1.0334730000067793E-002  -6.1447370000223600E-002   5.6281029999809107E-002   1.5919269999812968E-002  -4.1413120000015624E-002   2.7949759999955859E-002   8.7097199998424912E-003  -2.1445050000238552E-002  0.16063127000006716     
   0.0000000000000000        0.0000000000000000        0.0000000000000000        0.0000000000000000        0.0000000000000000        0.0000000000000000        0.0000000000000000        0.0000000000000000        0.0000000000000000       0.10642194000001837       -3.9875949999895965E-002  0.16575483999986318       -3.4717100002126244E-003  -2.6290130000234058E-002  -1.4745299999958661E-003   1.5259010000136186E-002  0.13082680999968943        7.4134749999757332E-002   8.6904099998719175E-003   8.1804500000544067E-003  -8.2122000003437279E-003   2.5754269999652024E-002   5.4435130000001664E-002   1.3042000000496046E-004
   0.0000000000000000        0.0000000000000000        0.0000000000000000        0.0000000000000000        0.0000000000000000        0.0000000000000000        0.0000000000000000        0.0000000000000000       0.10642194000001837        0.0000000000000000       0.16575483999986318       -3.9875949999895965E-002  -2.6290130000234058E-002  -3.4717100002126244E-003   1.5259010000136186E-002  -1.4745299999958661E-003   7.4134749999757332E-002  0.13082680999968943        8.1804500000544067E-003   8.6904099998719175E-003   2.5754269999652024E-002  -8.2122000003437279E-003   1.3042000000496046E-004   5.4435130000001664E-002
   0.0000000000000000        0.0000000000000000        0.0000000000000000        0.0000000000000000        0.0000000000000000        0.0000000000000000        0.0000000000000000        0.0000000000000000       -3.9875949999895965E-002  0.16575483999986318        0.0000000000000000       0.10642194000001837       -1.4745299999958661E-003   1.5259010000136186E-002  -3.4717100002126244E-003  -2.6290130000234058E-002   8.6904099998719175E-003   8.1804500000544067E-003  0.13082680999968943        7.4134749999757332E-002   5.4435130000001664E-002   1.3042000000496046E-004  -8.2122000003437279E-003   2.5754269999652024E-002
   0.0000000000000000        0.0000000000000000        0.0000000000000000        0.0000000000000000        0.0000000000000000        0.0000000000000000        0.0000000000000000        0.0000000000000000       0.16575483999986318       -3.9875949999895965E-002  0.10642194000001837        0.0000000000000000        1.5259010000136186E-002  -1.4745299999958661E-003  -2.6290130000234058E-002  -3.4717100002126244E-003   8.1804500000544067E-003   8.6904099998719175E-003   7.4134749999757332E-002  0.13082680999968943        1.3042000000496046E-004   5.4435130000001664E-002   2.5754269999652024E-002  -8.2122000003437279E-003
   0.0000000000000000        0.0000000000000000        0.0000000000000000        0.0000000000000000        0.0000000000000000        0.0000000000000000        0.0000000000000000        0.0000000000000000       -3.4717100002126244E-003  -2.6290130000234058E-002  -1.4745299999958661E-003   1.5259010000136186E-002   0.0000000000000000       0.10642194000001837       -3.9875949999895965E-002  0.16575483999986318       -8.2122000003437279E-003   2.5754269999652024E-002   5.4435130000001664E-002   1.3042000000496046E-004  0.13082680999968943        7.4134749999757332E-002   8.6904099998719175E-003   8.1804500000544067E-003
   0.0000000000000000        0.0000000000000000        0.0000000000000000        0.0000000000000000        0.0000000000000000        0.0000000000000000        0.0000000000000000        0.0000000000000000       -2.6290130000234058E-002  -3.4717100002126244E-003   1.5259010000136186E-002  -1.4745299999958661E-003  0.10642194000001837        0.0000000000000000       0.16575483999986318       -3.9875949999895965E-002   2.5754269999652024E-002  -8.2122000003437279E-003   1.3042000000496046E-004   5.4435130000001664E-002   7.4134749999757332E-002  0.13082680999968943        8.1804500000544067E-003   8.6904099998719175E-003
   0.0000000000000000        0.0000000000000000        0.0000000000000000        0.0000000000000000        0.0000000000000000        0.0000000000000000        0.0000000000000000        0.0000000000000000       -1.4745299999958661E-003   1.5259010000136186E-002  -3.4717100002126244E-003  -2.6290130000234058E-002  -3.9875949999895965E-002  0.16575483999986318        0.0000000000000000       0.10642194000001837        5.4435130000001664E-002   1.3042000000496046E-004  -8.2122000003437279E-003   2.5754269999652024E-002   8.6904099998719175E-003   8.1804500000544067E-003  0.13082680999968943        7.4134749999757332E-002
   0.0000000000000000        0.0000000000000000        0.0000000000000000        0.0000000000000000        0.0000000000000000        0.0000000000000000        0.0000000000000000        0.0000000000000000        1.5259010000136186E-002  -1.4745299999958661E-003  -2.6290130000234058E-002  -3.4717100002126244E-003  0.16575483999986318       -3.9875949999895965E-002  0.10642194000001837        0.0000000000000000        1.3042000000496046E-004   5.4435130000001664E-002   2.5754269999652024E-002  -8.2122000003437279E-003   8.1804500000544067E-003   8.6904099998719175E-003   7.4134749999757332E-002  0.13082680999968943     
   0.0000000000000000        0.0000000000000000        0.0000000000000000        0.0000000000000000        0.0000000000000000        0.0000000000000000        0.0000000000000000        0.0000000000000000        0.0000000000000000        0.0000000000000000        0.0000000000000000        0.0000000000000000        0.0000000000000000        0.0000000000000000        0.0000000000000000        0.0000000000000000        0.0000000000000000        4.7595049999927141E-002  -5.5488200000581855E-003  0.14790034999987256       -2.4466670000037993E-002   1.3042339999628894E-002  0.10977882999986832       -4.2966880000221863E-002
   0.0000000000000000        0.0000000000000000        0.0000000000000000        0.0000000000000000        0.0000000000000000        0.0000000000000000        0.0000000000000000        0.0000000000000000        0.0000000000000000        0.0000000000000000        0.0000000000000000        0.0000000000000000        0.0000000000000000        0.0000000000000000        0.0000000000000000        0.0000000000000000        4.7595049999927141E-002   0.0000000000000000       0.14790034999987256       -5.5488200000581855E-003   1.3042339999628894E-002  -2.4466670000037993E-002  -4.2966880000221863E-002  0.10977882999986832     
   0.0000000000000000        0.0000000000000000        0.0000000000000000        0.0000000000000000        0.0000000000000000        0.0000000000000000        0.0000000000000000        0.0000000000000000        0.0000000000000000        0.0000000000000000        0.0000000000000000        0.0000000000000000        0.0000000000000000        0.0000000000000000        0.0000000000000000        0.0000000000000000       -5.5488200000581855E-003  0.14790034999987256        0.0000000000000000        4.7595049999927141E-002  0.10977882999986832       -4.2966880000221863E-002  -2.4466670000037993E-002   1.3042339999628894E-002
   0.0000000000000000        0.0000000000000000        0.0000000000000000        0.0000000000000000        0.0000000000000000        0.0000000000000000        0.0000000000000000        0.0000000000000000        0.0000000000000000        0.0000000000000000        0.0000000000000000        0.0000000000000000        0.0000000000000000        0.0000000000000000        0.0000000000000000        0.0000000000000000       0.14790034999987256       -5.5488200000581855E-003   4.7595049999927141E-002   0.0000000000000000       -4.2966880000221863E-002  0.10977882999986832        1.3042339999628894E-002  -2.4466670000037993E-002
   0.0000000000000000        0.0000000000000000        0.0000000000000000        0.0000000000000000        0.0000000000000000        0.0000000000000000        0.0000000000000000        0.0000000000000000        0.0000000000000000        0.0000000000000000        0.0000000000000000        0.0000000000000000        0.0000000000000000        0.0000000000000000        0.0000000000000000        0.0000000000000000       -2.4466670000037993E-002   1.3042339999628894E-002  0.10977882999986832       -4.2966880000221863E-002   0.0000000000000000        4.7595049999927141E-002  -5.5488200000581855E-003  0.14790034999987256     
   0.0000000000000000        0.0000000000000000        0.0000000000000000        0.0000000000000000        0.0000000000000000        0.0000000000000000        0.0000000000000000        0.0000000000000000        0.0000000000000000        0.0000000000000000        0.0000000000000000        0.0000000000000000        0.0000000000000000        0.0000000000000000        0.0000000000000000        0.0000000000000000        1.3042339999628894E-002  -2.4466670000037993E-002  -4.2966880000221863E-002  0.10977882999986832        4.7595049999927141E-002   0.0000000000000000       0.14790034999987256       -5.5488200000581855E-003
   0.0000000000000000        0.0000000000000000        0.0000000000000000        0.0000000000000000        0.0000000000000000        0.0000000000000000        0.0000000000000000        0.0000000000000000        0.0000000000000000        0.0000000000000000        0.0000000000000000        0.0000000000000000        0.0000000000000000        0.0000000000000000        0.0000000000000000        0.0000000000000000       0.10977882999986832       -4.2966880000221863E-002  -2.4466670000037993E-002   1.3042339999628894E-002  -5.5488200000581855E-003  0.14790034999987256        0.0000000000000000        4.7595049999927141E-002
   0.0000000000000000        0.0000000000000000        0.0000000000000000        0.0000000000000000        0.0000000000000000        0.0000000000000000        0.0000000000000000        0.0000000000000000        0.0000000000000000        0.0000000000000000        0.0000000000000000        0.0000000000000000        0.0000000000000000        0.0000000000000000        0.0000000000000000        0.0000000000000000       -4.2966880000221863E-002  0.10977882999986832        1.3042339999628894E-002  -2.4466670000037993E-002  0.14790034999987256       -5.5488200000581855E-003   4.7595049999927141E-002   0.0000000000000000     


 mu1 =    1.0002379902526992      mu2 =   0.96942921320156206     


 Zeroth-, first-, and second-order contribution by configuration for            4 substitutions:

    m     E0(eV)             dE1(eV)         dE2(eV)      E[total] (eV)
  --------------------------------------------------------------------------
    1    -3088.998354       27.297500        0.120860    -3061.579995
    2    -3088.998354       27.297500        0.104233    -3061.596622
    3    -3088.998354       27.297500       -0.045630    -3061.746484
    4    -3088.998354       27.297500       -0.015268    -3061.716123
    5    -3088.998354       27.297500        0.057947    -3061.642907
    6    -3088.998354       27.290951        0.056703    -3061.650701
    7    -3088.998354       27.290951        0.070882    -3061.636522
    8    -3088.998354       27.290951        0.091733    -3061.615670
    9    -3088.998354       27.290951        0.064416    -3061.642988
   10    -3088.998354       27.290951        0.223694    -3061.483710
   11    -3088.998354       27.290951        0.079465    -3061.627939
   12    -3088.998354       27.290951        0.239096    -3061.468308
   13    -3088.998354       27.290951        0.275290    -3061.432114
   14    -3088.998354       27.301222        0.203805    -3061.493328
   15    -3088.998354       27.301222        0.222456    -3061.474677
   16    -3088.998354       27.301222        0.251689    -3061.445444
   17    -3088.998354       27.301222        0.075179    -3061.621954
   18    -3088.998354       27.301222        0.090276    -3061.606857
   19    -3088.998354       27.301222       -0.023853    -3061.720986
   20    -3088.998354       27.301222        0.015274    -3061.681859
   21    -3088.998354       27.301222        0.070854    -3061.626279
   22    -3088.998354       27.297500        0.116968    -3061.583887
   23    -3088.998354       27.297500        0.005136    -3061.695719
   24    -3088.998354       27.297500        0.035597    -3061.665257
   25    -3088.998354       27.290951        0.028286    -3061.679118
   26    -3088.998354       27.290951        0.064480    -3061.642924
   27    -3088.998354       27.290951        0.252676    -3061.454728
   28    -3088.998354       27.290951        0.108446    -3061.598958
   29    -3088.998354       27.290951        0.058860    -3061.648544
   30    -3088.998354       27.290951        0.031543    -3061.675861
   31    -3088.998354       27.290951        0.263621    -3061.443783
   32    -3088.998354       27.290951        0.277800    -3061.429604
   33    -3088.998354       27.301222        0.153268    -3061.543865
   34    -3088.998354       27.301222        0.208848    -3061.488285
   35    -3088.998354       27.301222        0.148583    -3061.548550
   36    -3088.998354       27.301222        0.034454    -3061.662679
   37    -3088.998354       27.301222        0.189490    -3061.507643
   38    -3088.998354       27.301222        0.012980    -3061.684153
   39    -3088.998354       27.301222        0.061919    -3061.635214
   40    -3088.998354       27.301222        0.080571    -3061.616562
   41    -3088.998354       27.297500        0.085121    -3061.615734
   42    -3088.998354       27.290951        0.208187    -3061.499217
   43    -3088.998354       27.290951        0.063958    -3061.643446
   44    -3088.998354       27.290951        0.040927    -3061.666477
   45    -3088.998354       27.290951        0.077121    -3061.630283
   46    -3088.998354       27.290951        0.036470    -3061.670933
   47    -3088.998354       27.290951        0.050649    -3061.656754
   48    -3088.998354       27.290951        0.254163    -3061.453240
   49    -3088.998354       27.290951        0.226846    -3061.480558
   50    -3088.998354       27.301222        0.232052    -3061.465081
   51    -3088.998354       27.301222        0.117923    -3061.579210
   52    -3088.998354       27.301222        0.037952    -3061.659181
   53    -3088.998354       27.301222        0.093532    -3061.603601
   54    -3088.998354       27.301222        0.026289    -3061.670844
   55    -3088.998354       27.301222        0.044941    -3061.652192
   56    -3088.998354       27.301222        0.193273    -3061.503860
   57    -3088.998354       27.301222        0.016762    -3061.680371
   58    -3088.998354       27.284402        0.162537    -3061.551416
   59    -3088.998354       27.284402        0.049276    -3061.664677
   60    -3088.998354       27.284402        0.248621    -3061.465332
   61    -3088.998354       27.284402        0.053640    -3061.660313
   62    -3088.998354       27.284402        0.031519    -3061.682434
   63    -3088.998354       27.284402        0.266803    -3061.447150
   64    -3088.998354       27.284402        0.283025    -3061.430928
   65    -3088.998354       27.294672        0.328407    -3061.375275
   66    -3088.998354       27.294672        0.273448    -3061.430234
   67    -3088.998354       27.294672        0.110612    -3061.593070
   68    -3088.998354       27.294672        0.110118    -3061.593564
   69    -3088.998354       27.294672        0.033973    -3061.669709
   70    -3088.998354       27.294672        0.066901    -3061.636781
   71    -3088.998354       27.294672        0.114411    -3061.589271
   72    -3088.998354       27.294672        0.061766    -3061.641916
   73    -3088.998354       27.284402        0.219666    -3061.494286
   74    -3088.998354       27.284402        0.084141    -3061.629812
   75    -3088.998354       27.284402        0.100363    -3061.613590
   76    -3088.998354       27.284402        0.293432    -3061.420521
   77    -3088.998354       27.284402        0.271311    -3061.442642
   78    -3088.998354       27.294672        0.238569    -3061.465113
   79    -3088.998354       27.294672        0.238075    -3061.465607
   80    -3088.998354       27.294672        0.257579    -3061.446103
   81    -3088.998354       27.294672        0.202620    -3061.501062
   82    -3088.998354       27.294672        0.123270    -3061.580412
   83    -3088.998354       27.294672        0.070625    -3061.633057
   84    -3088.998354       27.294672        0.082244    -3061.621438
   85    -3088.998354       27.294672        0.115172    -3061.588510
   86    -3088.998354       27.284402        0.157811    -3061.556141
   87    -3088.998354       27.284402        0.227213    -3061.486740
   88    -3088.998354       27.284402        0.426558    -3061.287395
   89    -3088.998354       27.294672        0.191256    -3061.512426
   90    -3088.998354       27.294672        0.224184    -3061.479498
   91    -3088.998354       27.294672        0.152595    -3061.551087
   92    -3088.998354       27.294672        0.099951    -3061.603731
   93    -3088.998354       27.294672        0.166399    -3061.537283
   94    -3088.998354       27.294672        0.111440    -3061.592242
   95    -3088.998354       27.294672        0.067702    -3061.635980
   96    -3088.998354       27.294672        0.067208    -3061.636474
   97    -3088.998354       27.284402        0.580265    -3061.133687
   98    -3088.998354       27.294672        0.463215    -3061.240467
   99    -3088.998354       27.294672        0.410570    -3061.293112
  100    -3088.998354       27.294672        0.303090    -3061.400592
  101    -3088.998354       27.294672        0.336018    -3061.367664
  102    -3088.998354       27.294672        0.259223    -3061.444459
  103    -3088.998354       27.294672        0.258729    -3061.444953
  104    -3088.998354       27.294672        0.397332    -3061.306350
  105    -3088.998354       27.294672        0.342373    -3061.361309
  106    -3088.998354       27.304943        0.389931    -3061.303480
  107    -3088.998354       27.304943        0.239019    -3061.454392
  108    -3088.998354       27.304943        0.387777    -3061.305634
  109    -3088.998354       27.304943        0.160426    -3061.532985
  110    -3088.998354       27.304943        0.196789    -3061.496622
  111    -3088.998354       27.304943        0.310274    -3061.383137
  112    -3088.998354       27.304943        0.162198    -3061.531213
  113    -3088.998354       27.304943        0.191146    -3061.502265
  114    -3088.998354       27.304943        0.191176    -3061.502236
  115    -3088.998354       27.304943        0.043099    -3061.650312
  116    -3088.998354       27.304943        0.080740    -3061.612671
  117    -3088.998354       27.304943        0.117102    -3061.576309
  118    -3088.998354       27.304943        0.070640    -3061.622772
  119    -3088.998354       27.304943        0.038826    -3061.654585
  120    -3088.998354       27.304943        0.187584    -3061.505827
  121    -3088.998354       27.304943        0.110052    -3061.583360
  122    -3088.998354       27.297500       -0.014125    -3061.714980
  123    -3088.998354       27.297500       -0.060311    -3061.761166
  124    -3088.998354       27.290951       -0.016409    -3061.723813
  125    -3088.998354       27.290951        0.006646    -3061.700758
  126    -3088.998354       27.290951        0.179416    -3061.527988
  127    -3088.998354       27.290951        0.022048    -3061.685356
  128    -3088.998354       27.290951        0.152945    -3061.554459
  129    -3088.998354       27.290951        0.017591    -3061.689812
  130    -3088.998354       27.290951        0.146479    -3061.560925
  131    -3088.998354       27.290951        0.052622    -3061.654782
  132    -3088.998354       27.301222        0.116954    -3061.580179
  133    -3088.998354       27.301222        0.014676    -3061.682457
  134    -3088.998354       27.301222        0.211662    -3061.485471
  135    -3088.998354       27.301222       -0.060326    -3061.757459
  136    -3088.998354       27.301222        0.163071    -3061.534062
  137    -3088.998354       27.301222       -0.071988    -3061.769121
  138    -3088.998354       27.301222        0.015794    -3061.681339
  139    -3088.998354       27.301222       -0.024104    -3061.721237
  140    -3088.998354       27.297500       -0.167419    -3061.868274
  141    -3088.998354       27.290951       -0.056862    -3061.764266
  142    -3088.998354       27.290951       -0.106195    -3061.813599
  143    -3088.998354       27.290951       -0.041460    -3061.748864
  144    -3088.998354       27.290951        0.089630    -3061.617773
  145    -3088.998354       27.290951        0.048980    -3061.658424
  146    -3088.998354       27.290951       -0.031738    -3061.739142
  147    -3088.998354       27.290951        0.084011    -3061.623393
  148    -3088.998354       27.290951       -0.038204    -3061.745607
  149    -3088.998354       27.301222        0.095887    -3061.601246
  150    -3088.998354       27.301222       -0.117551    -3061.814684
  151    -3088.998354       27.301222        0.020886    -3061.676247
  152    -3088.998354       27.301222       -0.022843    -3061.719976
  153    -3088.998354       27.301222       -0.090086    -3061.787219
  154    -3088.998354       27.301222        0.027875    -3061.669258
  155    -3088.998354       27.301222       -0.042201    -3061.739334
  156    -3088.998354       27.301222       -0.119402    -3061.816535
  157    -3088.998354       27.284402        0.095193    -3061.618759
  158    -3088.998354       27.284402       -0.033494    -3061.747446
  159    -3088.998354       27.284402        0.152712    -3061.561240
  160    -3088.998354       27.284402        0.138215    -3061.575738
  161    -3088.998354       27.284402        0.008058    -3061.705895
  162    -3088.998354       27.284402        0.140151    -3061.573802
  163    -3088.998354       27.284402        0.048337    -3061.665616
  164    -3088.998354       27.294672        0.282583    -3061.421099
  165    -3088.998354       27.294672        0.069766    -3061.633916
  166    -3088.998354       27.294672        0.164181    -3061.539501
  167    -3088.998354       27.294672        0.005828    -3061.697854
  168    -3088.998354       27.294672       -0.001956    -3061.705638
  169    -3088.998354       27.294672       -0.027578    -3061.731260
  170    -3088.998354       27.294672        0.058776    -3061.644906
  171    -3088.998354       27.294672       -0.052418    -3061.756100
  172    -3088.998354       27.284402       -0.059771    -3061.773724
  173    -3088.998354       27.284402        0.102955    -3061.610998
  174    -3088.998354       27.284402        0.017041    -3061.696912
  175    -3088.998354       27.284402        0.143234    -3061.570719
  176    -3088.998354       27.284402        0.018977    -3061.694976
  177    -3088.998354       27.294672        0.214486    -3061.489196
  178    -3088.998354       27.294672        0.111586    -3061.592096
  179    -3088.998354       27.294672        0.150548    -3061.553134
  180    -3088.998354       27.294672       -0.006816    -3061.710498
  181    -3088.998354       27.294672        0.017833    -3061.685849
  182    -3088.998354       27.294672       -0.073644    -3061.777326
  183    -3088.998354       27.294672       -0.007007    -3061.710689
  184    -3088.998354       27.294672       -0.012912    -3061.716594
  185    -3088.998354       27.284402        0.273130    -3061.440823
  186    -3088.998354       27.284402        0.239340    -3061.474613
  187    -3088.998354       27.284402        0.330649    -3061.383304
  188    -3088.998354       27.294672        0.284212    -3061.419471
  189    -3088.998354       27.294672        0.159281    -3061.544401
  190    -3088.998354       27.294672        0.344944    -3061.358738
  191    -3088.998354       27.294672        0.134441    -3061.569241
  192    -3088.998354       27.294672        0.269249    -3061.434433
  193    -3088.998354       27.294672        0.155741    -3061.547941
  194    -3088.998354       27.294672        0.150847    -3061.552835
  195    -3088.998354       27.294672        0.091803    -3061.611879
  196    -3088.998354       27.284402        0.023269    -3061.690684
  197    -3088.998354       27.294672        0.209104    -3061.494578
  198    -3088.998354       27.294672        0.018318    -3061.685364
  199    -3088.998354       27.294672        0.184264    -3061.519418
  200    -3088.998354       27.294672        0.079050    -3061.624632
  201    -3088.998354       27.294672        0.106255    -3061.597427
  202    -3088.998354       27.294672        0.102664    -3061.601018
  203    -3088.998354       27.294672        0.042317    -3061.661365
  204    -3088.998354       27.294672       -0.015738    -3061.719420
  205    -3088.998354       27.304943        0.194630    -3061.498781
  206    -3088.998354       27.304943        0.300969    -3061.392442
  207    -3088.998354       27.304943        0.291869    -3061.401542
  208    -3088.998354       27.304943        0.132879    -3061.560532
  209    -3088.998354       27.304943        0.110692    -3061.582720
  210    -3088.998354       27.304943        0.263020    -3061.430391
  211    -3088.998354       27.304943        0.056395    -3061.637017
  212    -3088.998354       27.304943       -0.014747    -3061.708159
  213    -3088.998354       27.304943        0.011383    -3061.682028
  214    -3088.998354       27.304943       -0.083529    -3061.776940
  215    -3088.998354       27.304943       -0.042914    -3061.736325
  216    -3088.998354       27.304943        0.046612    -3061.646799
  217    -3088.998354       27.304943       -0.005563    -3061.698974
  218    -3088.998354       27.304943        0.001468    -3061.691944
  219    -3088.998354       27.304943        0.091676    -3061.601735
  220    -3088.998354       27.304943       -0.115632    -3061.809043
  221    -3088.998354       27.297500       -0.252928    -3061.953783
  222    -3088.998354       27.290951       -0.121632    -3061.829035
  223    -3088.998354       27.290951       -0.126934    -3061.834338
  224    -3088.998354       27.290951        0.032697    -3061.674707
  225    -3088.998354       27.290951       -0.070036    -3061.777440
  226    -3088.998354       27.290951       -0.110686    -3061.818090
  227    -3088.998354       27.290951        0.042420    -3061.664984
  228    -3088.998354       27.290951        0.063271    -3061.644132
  229    -3088.998354       27.290951       -0.102973    -3061.810377
  230    -3088.998354       27.301222        0.016205    -3061.680928
  231    -3088.998354       27.301222       -0.123377    -3061.820510
  232    -3088.998354       27.301222       -0.084249    -3061.781382
  233    -3088.998354       27.301222       -0.003217    -3061.700350
  234    -3088.998354       27.301222       -0.070459    -3061.767592
  235    -3088.998354       27.301222       -0.077260    -3061.774393
  236    -3088.998354       27.301222       -0.048027    -3061.745160
  237    -3088.998354       27.301222       -0.199085    -3061.896218
  238    -3088.998354       27.297500        0.193229    -3061.507626
  239    -3088.998354       27.290951        0.137641    -3061.569763
  240    -3088.998354       27.290951        0.059950    -3061.647454
  241    -3088.998354       27.290951        0.111546    -3061.595858
  242    -3088.998354       27.290951        0.297272    -3061.410132
  243    -3088.998354       27.290951        0.085075    -3061.622329
  244    -3088.998354       27.290951        0.292816    -3061.414588
  245    -3088.998354       27.290951        0.300529    -3061.406875
  246    -3088.998354       27.290951        0.105926    -3061.601478
  247    -3088.998354       27.301222        0.294863    -3061.402270
  248    -3088.998354       27.301222        0.044121    -3061.653012
  249    -3088.998354       27.301222        0.024699    -3061.672434
  250    -3088.998354       27.301222        0.333991    -3061.363142
  251    -3088.998354       27.301222       -0.023891    -3061.721024
  252    -3088.998354       27.301222        0.322328    -3061.374805
  253    -3088.998354       27.301222        0.193703    -3061.503430
  254    -3088.998354       27.301222        0.005342    -3061.691791
  255    -3088.998354       27.284402        0.125655    -3061.588298
  256    -3088.998354       27.284402       -0.016171    -3061.730124
  257    -3088.998354       27.284402        0.224670    -3061.489282
  258    -3088.998354       27.284402        0.038626    -3061.675327
  259    -3088.998354       27.284402        0.196928    -3061.517025
  260    -3088.998354       27.284402        0.220985    -3061.492968
  261    -3088.998354       27.284402        0.056784    -3061.657169
  262    -3088.998354       27.294672        0.345875    -3061.357807
  263    -3088.998354       27.294672        0.095754    -3061.607928
  264    -3088.998354       27.294672        0.032311    -3061.671371
  265    -3088.998354       27.294672        0.226978    -3061.476704
  266    -3088.998354       27.294672       -0.071445    -3061.775127
  267    -3088.998354       27.294672        0.131192    -3061.572490
  268    -3088.998354       27.294672        0.158996    -3061.544686
  269    -3088.998354       27.294672       -0.063357    -3061.767039
  270    -3088.998354       27.284402        0.141677    -3061.572276
  271    -3088.998354       27.284402       -0.024992    -3061.738945
  272    -3088.998354       27.284402        0.177552    -3061.536401
  273    -3088.998354       27.284402        0.195710    -3061.518242
  274    -3088.998354       27.284402       -0.000935    -3061.714888
  275    -3088.998354       27.294672        0.249420    -3061.454262
  276    -3088.998354       27.294672        0.109217    -3061.594465
  277    -3088.998354       27.294672       -0.009680    -3061.713362
  278    -3088.998354       27.294672        0.185976    -3061.517706
  279    -3088.998354       27.294672       -0.080014    -3061.783696
  280    -3088.998354       27.294672        0.056767    -3061.646915
  281    -3088.998354       27.294672        0.064855    -3061.638827
  282    -3088.998354       27.294672       -0.052210    -3061.755892
  283    -3088.998354       27.284402        0.303591    -3061.410361
  284    -3088.998354       27.284402        0.161766    -3061.552187
  285    -3088.998354       27.284402        0.180687    -3061.533266
  286    -3088.998354       27.294672        0.189095    -3061.514587
  287    -3088.998354       27.294672        0.026861    -3061.676821
  288    -3088.998354       27.294672        0.054665    -3061.649017
  289    -3088.998354       27.294672        0.197183    -3061.506499
  290    -3088.998354       27.294672        0.041352    -3061.662330
  291    -3088.998354       27.294672        0.156102    -3061.547580
  292    -3088.998354       27.294672        0.092658    -3061.611024
  293    -3088.998354       27.294672       -0.077545    -3061.781227
  294    -3088.998354       27.284402        0.541534    -3061.172419
  295    -3088.998354       27.294672        0.402447    -3061.301235
  296    -3088.998354       27.294672        0.174357    -3061.529325
  297    -3088.998354       27.294672        0.182444    -3061.521238
  298    -3088.998354       27.294672        0.430251    -3061.273431
  299    -3088.998354       27.294672        0.166816    -3061.536866
  300    -3088.998354       27.294672        0.391484    -3061.312198
  301    -3088.998354       27.294672        0.272587    -3061.431095
  302    -3088.998354       27.294672        0.103373    -3061.600309
  303    -3088.998354       27.304943        0.225091    -3061.468320
  304    -3088.998354       27.304943        0.173572    -3061.519839
  305    -3088.998354       27.304943        0.517492    -3061.175919
  306    -3088.998354       27.304943        0.067863    -3061.625548
  307    -3088.998354       27.304943        0.273934    -3061.419477
  308    -3088.998354       27.304943        0.367713    -3061.325698
  309    -3088.998354       27.304943        0.049928    -3061.643483
  310    -3088.998354       27.304943        0.127168    -3061.566243
  311    -3088.998354       27.304943       -0.090937    -3061.784348
  312    -3088.998354       27.304943        0.042410    -3061.651001
  313    -3088.998354       27.304943        0.024475    -3061.668936
  314    -3088.998354       27.304943        0.002842    -3061.690569
  315    -3088.998354       27.304943        0.024899    -3061.668513
  316    -3088.998354       27.304943       -0.026621    -3061.720032
  317    -3088.998354       27.304943       -0.047572    -3061.740983
  318    -3088.998354       27.304943        0.291846    -3061.401565
  319    -3088.998354       27.284402        0.041916    -3061.672037
  320    -3088.998354       27.284402        0.080573    -3061.633380
  321    -3088.998354       27.284402        0.149867    -3061.564086
  322    -3088.998354       27.284402       -0.073495    -3061.787448
  323    -3088.998354       27.284402       -0.086739    -3061.800692
  324    -3088.998354       27.284402        0.117801    -3061.596152
  325    -3088.998354       27.284402        0.003972    -3061.709981
  326    -3088.998354       27.294672        0.185171    -3061.518511
  327    -3088.998354       27.294672        0.009282    -3061.694400
  328    -3088.998354       27.294672        0.014199    -3061.689483
  329    -3088.998354       27.294672       -0.081773    -3061.785455
  330    -3088.998354       27.294672        0.050383    -3061.653299
  331    -3088.998354       27.294672       -0.037619    -3061.741301
  332    -3088.998354       27.294672        0.058545    -3061.645137
  333    -3088.998354       27.294672       -0.089577    -3061.793259
  334    -3088.998354       27.284402        0.288794    -3061.425159
  335    -3088.998354       27.284402       -0.040601    -3061.754554
  336    -3088.998354       27.284402       -0.055742    -3061.769695
  337    -3088.998354       27.284402        0.142899    -3061.571054
  338    -3088.998354       27.284402       -0.003373    -3061.717326
  339    -3088.998354       27.294672        0.139089    -3061.564593
  340    -3088.998354       27.294672        0.073117    -3061.630565
